k 	 a 	 b 	 (b - a) 	 (bPrev - aPrev) / (b - a) 	 x1 	 x2 	 f1 	 f2 
1	-2.0000000000000000	20.0000000000000000	22.0000000000000000	1.6180339887498949	6.4032522475023139	6.4032522475023139	19.3886303551341790	19.3886303551341790
2	-2.0000000000000000	11.5967477524976861	13.5967477524976861	1.6180339887498947	3.1934955049953730	6.4032522475023139	1.4244315204441604	19.3886303551341790
3	-2.0000000000000000	6.4032522475023139	8.4032522475023139	1.0000000000000000	1.2097567425069409	3.1934955049953730	0.6244844060132414	1.4244315204441604
4	-2.0000000000000000	6.4032522475023139	8.4032522475023139	1.6180339887498951	-0.0162612375115685	1.2097567425069409	4.0653093778916825	0.6244844060132414
5	-2.0000000000000000	3.1934955049953730	5.1934955049953730	1.6180339887498938	1.2097567425069409	1.9674775249768630	0.6244844060132414	0.0010577113816306
6	-0.0162612375115685	3.1934955049953730	3.2097567425069418	1.6180339887498967	1.9674775249768630	2.4357747225254505	0.0010577113816306	0.1898996087921334
7	1.2097567425069409	3.1934955049953730	1.9837387624884322	1.6180339887498902	1.6780539400555285	1.9674775249768630	0.1036492655137692	0.0010577113816306
8	1.2097567425069409	2.4357747225254505	1.2260179800185096	1.6180339887499087	1.9674775249768630	2.1463511376041162	0.0010577113816306	0.0214186554780190
9	1.6780539400555285	2.4357747225254505	0.7577207824699219	1.6180339887498587	1.8569275526827820	1.9674775249768630	0.0204697251813381	0.0010577113816306
10	1.6780539400555285	2.1463511376041162	0.4682971975485877	1.6180339887499893	1.9674775249768630	2.0358011653100352	0.0010577113816306	0.0012817234375565
11	1.8569275526827820	2.1463511376041162	0.2894235849213342	1.6180339887496498	1.9252511930159546	1.9674775249768630	0.0055873841455381	0.0010577113816306
12	1.8569275526827820	2.0358011653100352	0.1788736126272532	1.6180339887505428	1.9674775249768630	1.9935748333491272	0.0010577113816306	0.0000412827664915
13	1.9252511930159546	2.0358011653100352	0.1105499722940806	1.6180339887482091	1.9935748333491272	2.0097038569377714	0.0000412827664915	0.0000941648394687
14	1.9674775249768630	2.0358011653100352	0.0683236403331722	1.6180339887543083	1.9836065485655070	1.9935748333491272	0.0002687452499351	0.0000412827664915
15	1.9674775249768630	2.0097038569377714	0.0422263319609084	1.6180339887382988	1.9935748333491272	1.9997355721541510	0.0000412827664915	0.0000000699220857
16	1.9836065485655070	2.0097038569377714	0.0260973083722644	1.6180339887802311	1.9997355721541510	2.0035431181327477	0.0000000699220857	0.0000125536861026
17	1.9935748333491272	2.0097038569377714	0.0161290235886442	1.6180339886704374	1.9973823793277237	1.9997355721541510	0.0000068519379839	0.0000000699220857
18	1.9935748333491272	2.0035431181327477	0.0099682847836204	1.6180339889578588	1.9997355721541510	2.0011899253063201	0.0000000699220857	0.0000014159222346
19	1.9973823793277237	2.0035431181327477	0.0061607388050240	1.6180339882054382	1.9988367324798930	1.9997355721541510	0.0000013531913233	0.0000000699220857
20	1.9973823793277237	2.0011899253063201	0.0038075459785964	1.6180339901756065	1.9997355721541510	2.0002910856320626	0.0000000699220857	0.0000000847308452
21	1.9988367324798930	2.0011899253063201	0.0023531928264271	1.6180339850170866	1.9993922459578046	1.9997355721541510	0.0000003693649758	0.0000000699220857
22	1.9988367324798930	2.0002910856320626	0.0014543531521696	1.6180339985217143	1.9997355721541510	1.9999477594357162	0.0000000699220857	0.0000000027290766
23	1.9993922459578046	2.0002910856320626	0.0008988396742580	1.6180339631669403	1.9999477594357162	2.0000788983504973	0.0000000027290766	0.0000000062249497
24	1.9997355721541510	2.0002910856320626	0.0005555134779116	1.6180340557269424	1.9998667110689319	1.9999477594357162	0.0000000177659391	0.0000000027290766
25	1.9997355721541510	2.0000788983504973	0.0003433261963464	1.6180338134000336	1.9999477594357162	1.9999978499837128	0.0000000027290766	0.0000000000046226
26	1.9998667110689319	2.0000788983504973	0.0002121872815655	1.6180344478191824	1.9999978499837128	2.0000288078025008	0.0000000000046226	0.0000000008298895
27	1.9999477594357162	2.0000788983504973	0.0001311389147811	1.6180327868873567	1.9999787172545045	1.9999978499837128	0.0000000004529553	0.0000000000046226
28	1.9999477594357162	2.0000288078025008	0.0000810483667846	1.6180371352801608	1.9999978499837128	2.0000096750732927	0.0000000000046226	0.0000000000936070
29	1.9999787172545045	2.0000288078025008	0.0000500905479963	1.6180257510686518	1.9999905423440845	1.9999978499837128	0.0000000000894473	0.0000000000046226
30	1.9999787172545045	2.0000096750732927	0.0000309578187883	1.6180555555480602	1.9999978499837128	2.0000023674336647	0.0000000000046226	0.0000000000056047
31	1.9999905423440845	2.0000096750732927	0.0000191327292083	1.6179775280791275	1.9999950597940364	1.9999978499837128	0.0000000000244056	0.0000000000046226
32	1.9999905423440845	2.0000023674336647	0.0000118250895802	1.6181818181608247	1.9999978499837128	1.9999995772439882	0.0000000000046226	0.0000000000001787
33	1.9999950597940364	2.0000023674336647	0.0000073076396283	1.6176470588784648	1.9999995772439882	2.0000006401733890	0.0000000000001787	0.0000000000004098
34	1.9999978499837128	2.0000023674336647	0.0000045174499519	1.6190476190324610	1.9999989129131133	1.9999995772439882	0.0000000000011818	0.0000000000001787
35	1.9999978499837128	2.0000006401733890	0.0000027901896762	1.6153846154241702	1.9999995772439882	1.9999999758425138	0.0000000000001787	0.0000000000000006
36	1.9999989129131133	2.0000006401733890	0.0000017272602757	1.6249999995560902	1.9999999758425138	2.0000002415748637	0.0000000000000006	0.0000000000000584
37	1.9999995772439882	2.0000006401733890	0.0000010629294007	1.6000000000668475	1.9999998429763384	1.9999999758425138	0.0000000000000247	0.0000000000000006
38	1.9999995772439882	2.0000002415748637	0.0000006643308754	1.6666666664809788	1.9999999758425138	2.0000001087086883	0.0000000000000006	0.0000000000000118
39	1.9999998429763384	2.0000002415748637	0.0000003985985253	1.5000000016711899	1.9999999758425133	1.9999999758425138	0.0000000000000006	0.0000000000000006
40	1.9999998429763384	2.0000001087086883	0.0000002657323499	2.0000000000000000	1.9999999758425138	2.0000001087086883	0.0000000000000006	0.0000000000000118
x = 1.9999999758425138	x2 - x1 = 0.0000001328661745
