1	0.5022 0.2489	0.2489	-0.0012	-0.4978 0.2489	-99.7511	-0.3336 -0.6591	0.1997 0.3985  0.3985 0.8016
2	0.5105 0.2656	0.2421	-0.0252	0.0083 0.0166	-0.0068	-1.9915 0.9917	0.0111 0.0162  0.0162 0.0264
3	0.5158 0.2629	0.2354	-0.0027	0.0053 -0.0027	-0.0066	-0.3152 -0.6331	0.4864 0.4986  0.4986 0.5160
4	0.6300 0.3807	0.1631	-0.2435	0.1142 0.1178	-0.0723	3.3431 -3.2404	0.1495 0.1659  0.1659 0.1876
5	0.6235 0.3870	0.1420	-0.0020	-0.0065 0.0063	-0.0211	-0.3293 -0.3397	0.3852 0.4854  0.4854 0.6167
6	0.7376 0.5315	0.0846	-0.3911	0.1141 0.1445	-0.0575	3.1765 -2.5090	0.1835 0.2439  0.2439 0.3276
7	0.7326 0.5355	0.0717	-0.0016	-0.0050 0.0040	-0.0129	-0.1874 -0.2371	0.3142 0.4630  0.4630 0.6874
8	0.8309 0.6811	0.0373	-0.5831	0.0984 0.1456	-0.0344	2.7634 -1.8663	0.2141 0.3274  0.3274 0.5036
9	0.8273 0.6836	0.0299	-0.0013	-0.0037 0.0025	-0.0074	-0.1002 -0.1482	0.2656 0.4405  0.4405 0.7357
10	0.9077 0.8176	0.0124	-0.8747	0.0804 0.1340	-0.0175	2.0728 -1.2435	0.2485 0.4195  0.4195 0.7100
11	0.9052 0.8191	0.0090	-0.0012	-0.0024 0.0014	-0.0034	-0.0472 -0.0786	0.2328 0.4216  0.4216 0.7684
12	0.9641 0.9262	0.0024	-1.3344	0.0589 0.1071	-0.0066	1.2049 -0.6621	0.5278 1.0318  1.0318 2.0304
13	0.9628 0.9269	0.0014	-0.0011	-0.0013 0.0007	-0.0010	-0.0165 -0.0300	0.2120 0.4077  0.4077 0.7890
14	0.9946 0.9883	0.0001	-2.0202	0.0318 0.0614	-0.0013	0.3661 -0.1894	0.4534 0.8887  0.8887 1.7475
15	0.9942 0.9885	0.0000	-0.0010	-0.0004 0.0002	-0.0001	-0.0023 -0.0046	0.2019 0.4004  0.4004 0.7991
16	1.0000 0.9999	0.0000	-2.4865	0.0057 0.0114	-0.0000	0.0114 -0.0057	0.4974 0.9920  0.9920 1.9833
17	1.0000 0.9999	0.0000	-0.0010	-0.0000 0.0000	-0.0000	0.0000 -0.0000	0.2002 0.3991  0.3991 0.8008
