1	0.4944 0.2528	0.2625	-0.0013	-0.5056 0.2528	-99.7375	-2.6543 1.6617	0.2015 0.3999  0.3999 0.7997
2	0.4911 0.2459	0.2612	-0.0258	-0.0033 -0.0069	-0.0013	-1.9417 0.9407	0.0104 0.0149  0.0149 0.0243
3	0.6297 0.3829	0.1558	-22.5309	0.1386 0.1370	-0.1054	2.7000 -2.7318	0.2279 0.2503  0.2503 0.2790
4	0.7075 0.4812	0.1230	-1.1368	0.0778 0.0983	-0.0327	4.8941 -3.8720	0.1022 0.1284  0.1284 0.1609
5	0.6990 0.4879	0.0906	-0.0017	-0.0085 0.0067	-0.0324	-0.3975 -0.1462	0.3325 0.4699  0.4699 0.6692
6	0.8055 0.6387	0.0479	-0.5298	0.1064 0.1508	-0.0427	2.8446 -2.0073	0.2111 0.3105  0.3105 0.4599
7	0.9202 0.8386	0.0130	-5.0138	0.1147 0.1999	-0.0349	2.8341 -1.6267	0.2112 0.3072  0.3072 0.5336
8	0.9159 0.8385	0.0071	-0.0429	-0.0042 -0.0001	-0.0059	-0.0011 -0.0911	0.1551 0.2837  0.2837 0.5237
9	0.9722 0.9423	0.0016	-2.1618	0.0563 0.1039	-0.0055	1.0434 -0.5652	0.3894 0.7393  0.7393 1.4099
10	0.9861 0.9731	0.0002	-1.2060	0.0139 0.0307	-0.0013	-0.2637 0.1197	-1.7794 -3.3758  -3.3758 -6.3981
11	0.9864 0.9729	0.0002	-0.0011	0.0003 -0.0001	-0.0000	0.0086 -0.0181	0.2047 0.4024  0.4024 0.7964
