1	176	1.000000e+01	-1.212846e+00 -8.383230e-01	1.525113e+01
2	349	2.000000e+01	-1.079965e+00 -6.565013e-01	1.369605e+01
3	533	4.000000e+01	1.038581e+00 1.512660e+00	9.034709e-01
4	696	8.000000e+01	9.753597e-01 1.486985e+00	1.048863e+00
5	849	1.600000e+02	9.156992e-01 1.464222e+00	1.224828e+00
6	1005	3.200000e+02	8.609247e-01 1.445053e+00	1.422851e+00
7	1161	6.400000e+02	8.112792e-01 1.429288e+00	1.634585e+00
8	1317	1.280000e+03	7.665072e-01 1.416417e+00	1.853088e+00
9	1470	2.560000e+03	7.261880e-01 1.405905e+00	2.072978e+00
10	1623	5.120000e+03	6.898780e-01 1.397284e+00	2.290221e+00
11	1773	1.024000e+04	6.571615e-01 1.390177e+00	2.501863e+00
12	1923	2.048000e+04	6.276642e-01 1.384286e+00	2.705806e+00
13	2073	4.096000e+04	6.010534e-01 1.379375e+00	2.900610e+00
14	2221	8.192000e+04	5.770343e-01 1.375260e+00	3.085357e+00
15	2369	1.638400e+05	5.553455e-01 1.371797e+00	3.259525e+00
16	2517	3.276800e+05	5.357541e-01 1.368870e+00	3.422899e+00
17	2665	6.553600e+05	5.180525e-01 1.366386e+00	3.575498e+00
18	2808	1.310720e+06	5.020549e-01 1.364271e+00	3.717513e+00
19	2951	2.621440e+06	4.875947e-01 1.362464e+00	3.849263e+00
20	3094	5.242880e+06	4.745223e-01 1.360916e+00	3.971157e+00
21	3237	1.048576e+07	4.627033e-01 1.359587e+00	4.083664e+00
22	3380	2.097152e+07	4.520164e-01 1.358442e+00	4.187289e+00
23	3521	4.194304e+07	4.423524e-01 1.357454e+00	4.282560e+00
24	3662	8.388608e+07	4.336128e-01 1.356600e+00	4.370007e+00
25	3801	1.677722e+08	4.257088e-01 1.355860e+00	4.450159e+00
26	3940	3.355443e+08	4.185602e-01 1.355218e+00	4.523530e+00
27	4079	6.710886e+08	4.120944e-01 1.354660e+00	4.590620e+00
28	4215	1.342177e+09	4.062460e-01 1.354174e+00	4.651903e+00
29	4351	2.684355e+09	4.009559e-01 1.353751e+00	4.707833e+00
30	4487	5.368709e+09	3.961707e-01 1.353381e+00	4.758836e+00
31	4623	1.073742e+10	3.918419e-01 1.353058e+00	4.805313e+00
32	4756	2.147484e+10	3.879260e-01 1.352775e+00	4.847639e+00
33	4887	4.294967e+10	3.843834e-01 1.352527e+00	4.886163e+00
34	5018	8.589935e+10	3.811785e-01 1.352310e+00	4.921208e+00
35	5149	1.717987e+11	3.782790e-01 1.352120e+00	4.953074e+00
36	5280	3.435974e+11	3.756558e-01 1.351952e+00	4.982037e+00
37	5411	6.871948e+11	3.732824e-01 1.351805e+00	5.008352e+00
38	5539	1.374390e+12	3.711350e-01 1.351676e+00	5.032253e+00
39	5665	2.748779e+12	3.691921e-01 1.351562e+00	5.053955e+00
40	5791	5.497558e+12	3.674341e-01 1.351461e+00	5.073655e+00
41	5917	1.099512e+13	3.658434e-01 1.351372e+00	5.091533e+00
42	6043	2.199023e+13	3.644040e-01 1.351294e+00	5.107755e+00
43	6169	4.398047e+13	3.631015e-01 1.351225e+00	5.122471e+00
44	6293	8.796093e+13	3.619229e-01 1.351164e+00	5.135819e+00
45	6417	1.759219e+14	3.608564e-01 1.351110e+00	5.147923e+00
46	6538	3.518437e+14	3.598912e-01 1.351062e+00	5.158899e+00
47	6659	7.036874e+14	3.590178e-01 1.351020e+00	5.168849e+00
48	6780	1.407375e+15	3.582273e-01 1.350983e+00	5.177869e+00
49	6899	2.814750e+15	3.575120e-01 1.350950e+00	5.186046e+00
50	7018	5.629500e+15	3.568646e-01 1.350920e+00	5.193456e+00
51	7137	1.125900e+16	3.562786e-01 1.350894e+00	5.200172e+00
52	7256	2.251800e+16	3.557483e-01 1.350871e+00	5.206258e+00
53	7373	4.503600e+16	3.552684e-01 1.350851e+00	5.211772e+00
54	7490	9.007199e+16	3.548340e-01 1.350832e+00	5.216769e+00
55	7604	1.801440e+17	3.544408e-01 1.350816e+00	5.221296e+00
56	7718	3.602880e+17	3.540849e-01 1.350802e+00	5.225398e+00
57	7832	7.205759e+17	3.537628e-01 1.350789e+00	5.229113e+00
58	7946	1.441152e+18	3.534712e-01 1.350778e+00	5.232480e+00
59	8060	2.882304e+18	3.532073e-01 1.350768e+00	5.235529e+00
60	8171	5.764608e+18	3.529684e-01 1.350759e+00	5.238291e+00
61	8280	1.152922e+19	3.527521e-01 1.350751e+00	5.240794e+00
62	8389	2.305843e+19	3.525564e-01 1.350744e+00	5.243060e+00
63	8498	4.611686e+19	3.523792e-01 1.350737e+00	5.245113e+00
64	8607	9.223372e+19	3.522188e-01 1.350732e+00	5.246973e+00
65	8716	1.844674e+20	3.520735e-01 1.350726e+00	5.248657e+00
66	8825	3.689349e+20	3.519421e-01 1.350722e+00	5.250182e+00
67	8929	7.378698e+20	3.518231e-01 1.350718e+00	5.251564e+00
68	9033	1.475740e+21	3.517154e-01 1.350714e+00	5.252816e+00
69	9137	2.951479e+21	3.516178e-01 1.350711e+00	5.253949e+00
70	9241	5.902958e+21	3.515295e-01 1.350708e+00	5.254976e+00
71	9345	1.180592e+22	3.514496e-01 1.350706e+00	5.255905e+00
72	9449	2.361183e+22	3.513772e-01 1.350704e+00	5.256747e+00
73	9551	4.722366e+22	3.513117e-01 1.350702e+00	5.257510e+00
74	9650	9.444733e+22	3.512524e-01 1.350700e+00	5.258201e+00
75	9749	1.888947e+23	3.511987e-01 1.350698e+00	5.258826e+00
76	9848	3.777893e+23	3.511501e-01 1.350697e+00	5.259393e+00
77	9947	7.555786e+23	3.511061e-01 1.350696e+00	5.259906e+00
78	10046	1.511157e+24	3.510662e-01 1.350694e+00	5.260371e+00
79	10142	3.022315e+24	3.510302e-01 1.350693e+00	5.260791e+00
80	10238	6.044629e+24	3.509975e-01 1.350692e+00	5.261173e+00
81	10332	1.208926e+25	3.509679e-01 1.350692e+00	5.261518e+00
82	10426	2.417852e+25	3.509411e-01 1.350691e+00	5.261830e+00
83	10520	4.835703e+25	3.509169e-01 1.350690e+00	5.262114e+00
84	10614	9.671407e+25	3.508949e-01 1.350690e+00	5.262370e+00
85	10708	1.934281e+26	3.508750e-01 1.350689e+00	5.262602e+00
86	10800	3.868563e+26	3.508570e-01 1.350689e+00	5.262813e+00
87	10892	7.737125e+26	3.508408e-01 1.350688e+00	5.263003e+00
88	10982	1.547425e+27	3.508260e-01 1.350688e+00	5.263175e+00
89	11072	3.094850e+27	3.508126e-01 1.350688e+00	5.263332e+00
90	11162	6.189700e+27	3.508005e-01 1.350687e+00	5.263473e+00
91	11252	1.237940e+28	3.507896e-01 1.350687e+00	5.263601e+00
92	11339	2.475880e+28	3.507797e-01 1.350687e+00	5.263717e+00
93	11426	4.951760e+28	3.507707e-01 1.350686e+00	5.263822e+00
94	11513	9.903520e+28	3.507626e-01 1.350686e+00	5.263918e+00
95	11597	1.980704e+29	3.507552e-01 1.350686e+00	5.264004e+00
96	11681	3.961408e+29	3.507485e-01 1.350686e+00	5.264082e+00
97	11765	7.922816e+29	3.507425e-01 1.350686e+00	5.264153e+00
98	11849	1.584563e+30	3.507370e-01 1.350686e+00	5.264217e+00
99	11933	3.169127e+30	3.507321e-01 1.350686e+00	5.264275e+00
100	12015	6.338253e+30	3.507276e-01 1.350685e+00	5.264327e+00
101	12097	1.267651e+31	3.507235e-01 1.350685e+00	5.264375e+00
102	12177	2.535301e+31	3.507198e-01 1.350685e+00	5.264418e+00
103	12257	5.070602e+31	3.507165e-01 1.350685e+00	5.264457e+00
104	12337	1.014120e+32	3.507135e-01 1.350685e+00	5.264492e+00
105	12417	2.028241e+32	3.507108e-01 1.350685e+00	5.264524e+00
106	12497	4.056482e+32	3.507083e-01 1.350685e+00	5.264553e+00
107	12577	8.112964e+32	3.507061e-01 1.350685e+00	5.264579e+00
108	12655	1.622593e+33	3.507040e-01 1.350685e+00	5.264603e+00
109	12730	3.245186e+33	3.507022e-01 1.350685e+00	5.264625e+00
110	12805	6.490371e+33	3.507005e-01 1.350685e+00	5.264644e+00
111	12880	1.298074e+34	3.506990e-01 1.350685e+00	5.264662e+00
112	12955	2.596148e+34	3.506977e-01 1.350685e+00	5.264678e+00
113	13030	5.192297e+34	3.506964e-01 1.350685e+00	5.264692e+00
114	13105	1.038459e+35	3.506953e-01 1.350685e+00	5.264705e+00
115	13180	2.076919e+35	3.506943e-01 1.350685e+00	5.264717e+00
116	13253	4.153837e+35	3.506934e-01 1.350685e+00	5.264728e+00
117	13326	8.307675e+35	3.506926e-01 1.350685e+00	5.264738e+00
118	13399	1.661535e+36	3.506918e-01 1.350685e+00	5.264747e+00
119	13472	3.323070e+36	3.506911e-01 1.350685e+00	5.264755e+00
120	13545	6.646140e+36	3.506905e-01 1.350685e+00	5.264762e+00
121	13618	1.329228e+37	3.506900e-01 1.350685e+00	5.264768e+00
122	13691	2.658456e+37	3.506895e-01 1.350685e+00	5.264774e+00
123	13761	5.316912e+37	3.506890e-01 1.350685e+00	5.264780e+00
124	13831	1.063382e+38	3.506886e-01 1.350685e+00	5.264785e+00
125	13901	2.126765e+38	3.506882e-01 1.350685e+00	5.264789e+00
126	13971	4.253530e+38	3.506879e-01 1.350685e+00	5.264793e+00
127	14041	8.507059e+38	3.506876e-01 1.350685e+00	5.264797e+00
128	14111	1.701412e+39	3.506873e-01 1.350685e+00	5.264800e+00
129	14181	3.402824e+39	3.506870e-01 1.350685e+00	5.264803e+00
130	14249	6.805647e+39	3.506868e-01 1.350685e+00	5.264806e+00
131	14317	1.361129e+40	3.506866e-01 1.350685e+00	5.264808e+00
132	14385	2.722259e+40	3.506864e-01 1.350685e+00	5.264810e+00
133	14453	5.444518e+40	3.506862e-01 1.350685e+00	5.264812e+00
134	14521	1.088904e+41	3.506861e-01 1.350685e+00	5.264814e+00
135	14589	2.177807e+41	3.506859e-01 1.350685e+00	5.264816e+00
136	14657	4.355614e+41	3.506858e-01 1.350685e+00	5.264817e+00
137	14725	8.711229e+41	3.506857e-01 1.350685e+00	5.264819e+00
138	14790	1.742246e+42	3.506856e-01 1.350685e+00	5.264820e+00
139	14855	3.484491e+42	3.506855e-01 1.350685e+00	5.264821e+00
140	14920	6.968983e+42	3.506854e-01 1.350685e+00	5.264822e+00
141	14985	1.393797e+43	3.506853e-01 1.350685e+00	5.264823e+00
142	15050	2.787593e+43	3.506853e-01 1.350685e+00	5.264824e+00
143	15115	5.575186e+43	3.506852e-01 1.350685e+00	5.264824e+00
144	15180	1.115037e+44	3.506852e-01 1.350685e+00	5.264825e+00
145	15245	2.230075e+44	3.506851e-01 1.350685e+00	5.264826e+00
146	15308	4.460149e+44	3.506851e-01 1.350685e+00	5.264826e+00
147	15371	8.920298e+44	3.506850e-01 1.350685e+00	5.264827e+00
148	15434	1.784060e+45	3.506850e-01 1.350685e+00	5.264827e+00
149	15497	3.568119e+45	3.506849e-01 1.350685e+00	5.264828e+00
150	15560	7.136238e+45	3.506849e-01 1.350685e+00	5.264828e+00
151	15623	1.427248e+46	3.506849e-01 1.350685e+00	5.264828e+00
152	15686	2.854495e+46	3.506849e-01 1.350685e+00	5.264829e+00
153	15749	5.708991e+46	3.506848e-01 1.350685e+00	5.264829e+00
154	15812	1.141798e+47	3.506848e-01 1.350685e+00	5.264829e+00
155	15873	2.283596e+47	3.506848e-01 1.350685e+00	5.264829e+00
156	15934	4.567193e+47	3.506848e-01 1.350685e+00	5.264829e+00
157	15995	9.134385e+47	3.506848e-01 1.350685e+00	5.264830e+00
158	16056	1.826877e+48	3.506847e-01 1.350685e+00	5.264830e+00
159	16117	3.653754e+48	3.506847e-01 1.350685e+00	5.264830e+00
160	16178	7.307508e+48	3.506847e-01 1.350685e+00	5.264830e+00
161	16239	1.461502e+49	3.506847e-01 1.350685e+00	5.264830e+00
162	16300	2.923003e+49	3.506847e-01 1.350685e+00	5.264830e+00
163	16361	5.846007e+49	3.506847e-01 1.350685e+00	5.264830e+00
164	16422	1.169201e+50	3.506847e-01 1.350685e+00	5.264831e+00
165	16483	2.338403e+50	3.506847e-01 1.350685e+00	5.264831e+00
166	16544	4.676805e+50	3.506847e-01 1.350685e+00	5.264831e+00
167	16605	9.353610e+50	3.506847e-01 1.350685e+00	5.264831e+00
168	16666	1.870722e+51	3.506847e-01 1.350685e+00	5.264831e+00
169	16727	3.741444e+51	3.506846e-01 1.350685e+00	5.264831e+00
170	16788	7.482888e+51	3.506846e-01 1.350685e+00	5.264831e+00
171	16849	1.496578e+52	3.506846e-01 1.350685e+00	5.264831e+00
172	16910	2.993155e+52	3.506846e-01 1.350685e+00	5.264831e+00
173	16971	5.986311e+52	3.506846e-01 1.350685e+00	5.264831e+00
174	17032	1.197262e+53	3.506846e-01 1.350685e+00	5.264831e+00
175	17093	2.394524e+53	3.506846e-01 1.350685e+00	5.264831e+00
176	17154	4.789049e+53	3.506846e-01 1.350685e+00	5.264831e+00
177	17215	9.578097e+53	3.506846e-01 1.350685e+00	5.264831e+00
178	17276	1.915619e+54	3.506846e-01 1.350685e+00	5.264831e+00
179	17337	3.831239e+54	3.506846e-01 1.350685e+00	5.264831e+00
180	17398	7.662478e+54	3.506846e-01 1.350685e+00	5.264831e+00
181	17459	1.532496e+55	3.506846e-01 1.350685e+00	5.264831e+00
182	17520	3.064991e+55	3.506846e-01 1.350685e+00	5.264831e+00
183	17581	6.129982e+55	3.506846e-01 1.350685e+00	5.264831e+00
184	17642	1.225996e+56	3.506846e-01 1.350685e+00	5.264831e+00
185	17703	2.451993e+56	3.506846e-01 1.350685e+00	5.264831e+00
186	17764	4.903986e+56	3.506846e-01 1.350685e+00	5.264831e+00
187	17825	9.807971e+56	3.506846e-01 1.350685e+00	5.264831e+00
188	17886	1.961594e+57	3.506846e-01 1.350685e+00	5.264831e+00
189	17947	3.923189e+57	3.506846e-01 1.350685e+00	5.264831e+00
190	18008	7.846377e+57	3.506846e-01 1.350685e+00	5.264831e+00
191	18069	1.569275e+58	3.506846e-01 1.350685e+00	5.264831e+00
192	18130	3.138551e+58	3.506846e-01 1.350685e+00	5.264831e+00
193	18191	6.277102e+58	3.506846e-01 1.350685e+00	5.264831e+00
194	18252	1.255420e+59	3.506846e-01 1.350685e+00	5.264831e+00
195	18313	2.510841e+59	3.506846e-01 1.350685e+00	5.264831e+00
196	18374	5.021681e+59	3.506846e-01 1.350685e+00	5.264831e+00
197	18435	1.004336e+60	3.506846e-01 1.350685e+00	5.264831e+00
198	18496	2.008673e+60	3.506846e-01 1.350685e+00	5.264831e+00
199	18557	4.017345e+60	3.506846e-01 1.350685e+00	5.264831e+00
200	18618	8.034690e+60	3.506846e-01 1.350685e+00	5.264831e+00
201	18679	1.606938e+61	3.506846e-01 1.350685e+00	5.264831e+00
202	18740	3.213876e+61	3.506846e-01 1.350685e+00	5.264831e+00
203	18801	6.427752e+61	3.506846e-01 1.350685e+00	5.264831e+00
204	18862	1.285550e+62	3.506846e-01 1.350685e+00	5.264831e+00
205	18923	2.571101e+62	3.506846e-01 1.350685e+00	5.264831e+00
206	18984	5.142202e+62	3.506846e-01 1.350685e+00	5.264831e+00
207	19045	1.028440e+63	3.506846e-01 1.350685e+00	5.264831e+00
208	19106	2.056881e+63	3.506846e-01 1.350685e+00	5.264831e+00
209	19167	4.113761e+63	3.506846e-01 1.350685e+00	5.264831e+00
210	19228	8.227523e+63	3.506846e-01 1.350685e+00	5.264831e+00
211	19289	1.645505e+64	3.506846e-01 1.350685e+00	5.264831e+00
212	19350	3.291009e+64	3.506846e-01 1.350685e+00	5.264831e+00
213	19411	6.582018e+64	3.506846e-01 1.350685e+00	5.264831e+00
214	19472	1.316404e+65	3.506846e-01 1.350685e+00	5.264831e+00
215	19533	2.632807e+65	3.506846e-01 1.350685e+00	5.264831e+00
216	19594	5.265615e+65	3.506846e-01 1.350685e+00	5.264831e+00
217	19655	1.053123e+66	3.506846e-01 1.350685e+00	5.264831e+00
218	19716	2.106246e+66	3.506846e-01 1.350685e+00	5.264831e+00
219	19777	4.212492e+66	3.506846e-01 1.350685e+00	5.264831e+00
220	19838	8.424983e+66	3.506846e-01 1.350685e+00	5.264831e+00
221	19899	1.684997e+67	3.506846e-01 1.350685e+00	5.264831e+00
222	19960	3.369993e+67	3.506846e-01 1.350685e+00	5.264831e+00
223	20021	6.739987e+67	3.506846e-01 1.350685e+00	5.264831e+00
224	20082	1.347997e+68	3.506846e-01 1.350685e+00	5.264831e+00
225	20143	2.695995e+68	3.506846e-01 1.350685e+00	5.264831e+00
226	20204	5.391989e+68	3.506846e-01 1.350685e+00	5.264831e+00
227	20265	1.078398e+69	3.506846e-01 1.350685e+00	5.264831e+00
228	20326	2.156796e+69	3.506846e-01 1.350685e+00	5.264831e+00
229	20387	4.313591e+69	3.506846e-01 1.350685e+00	5.264831e+00
230	20448	8.627183e+69	3.506846e-01 1.350685e+00	5.264831e+00
231	20509	1.725437e+70	3.506846e-01 1.350685e+00	5.264831e+00
232	20570	3.450873e+70	3.506846e-01 1.350685e+00	5.264831e+00
233	20631	6.901746e+70	3.506846e-01 1.350685e+00	5.264831e+00
234	20692	1.380349e+71	3.506846e-01 1.350685e+00	5.264831e+00
235	20753	2.760699e+71	3.506846e-01 1.350685e+00	5.264831e+00
236	20814	5.521397e+71	3.506846e-01 1.350685e+00	5.264831e+00
237	20875	1.104279e+72	3.506846e-01 1.350685e+00	5.264831e+00
238	20936	2.208559e+72	3.506846e-01 1.350685e+00	5.264831e+00
239	20997	4.417118e+72	3.506846e-01 1.350685e+00	5.264831e+00
240	21058	8.834235e+72	3.506846e-01 1.350685e+00	5.264831e+00
241	21119	1.766847e+73	3.506846e-01 1.350685e+00	5.264831e+00
