rMult	iter	fCalc	r	x	fx
2	58	6419	3.469447e-17	$(-2.596589e-01, -7.403411e-01)^T$	6.237001e+291
3	18	2356	2.581175e-08	$(-6.540634e-01, -6.540635e-01)^T$	8.207778e+00
4	43	5321	1.292470e-25	$(-2.403403e-01, -7.596596e-01)^T$	2.323464e+283
5	36	4271	6.871948e-25	$(-1.627271e-01, -8.372728e-01)^T$	1.235365e+284
6	30	3561	4.523374e-23	$(-1.415051e-01, -8.584949e-01)^T$	8.131638e+285
7	27	3196	1.521784e-22	$(-1.290716e-01, -8.709284e-01)^T$	2.735700e+286
8	25	2956	2.646978e-22	$(-1.216684e-01, -8.783316e-01)^T$	4.758454e+286
9	24	2802	1.253660e-22	$(-1.170250e-01, -8.829749e-01)^T$	2.253696e+286
10	23	2681	1.000000e-22	$(-1.139555e-01, -8.860444e-01)^T$	1.797693e+286
