1	180	1.000000e+01	-9.100683e-01 -1.520694e+00	1.942582e+01
2	352	5.000000e+00	-6.477593e-01 -1.317943e+00	1.511950e+01
3	520	2.500000e+00	-5.258835e-01 -1.170423e+00	1.223706e+01
4	682	1.250000e+00	-4.514883e-01 -1.056644e+00	1.024530e+01
5	842	6.250000e-01	-4.014419e-01 -9.694309e-01	8.867778e+00
6	1000	3.125000e-01	-3.661239e-01 -9.034913e-01	7.912998e+00
7	1151	1.562500e-01	-3.405767e-01 -8.543907e-01	7.248873e+00
8	1292	7.812500e-02	-3.218743e-01 -8.183720e-01	6.785151e+00
9	1435	3.906250e-02	-3.081150e-01 -7.923064e-01	6.460246e+00
10	1580	1.953125e-02	-2.979795e-01 -7.736615e-01	6.231973e+00
11	1723	9.765625e-03	-2.905159e-01 -7.604507e-01	6.071257e+00
12	1864	4.882813e-03	-2.850250e-01 -7.511605e-01	5.957935e+00
13	2003	2.441406e-03	-2.809889e-01 -7.446658e-01	5.877947e+00
14	2142	1.220703e-03	-2.780242e-01 -7.401469e-01	5.821445e+00
15	2275	6.103516e-04	-2.758472e-01 -7.370150e-01	5.781514e+00
16	2408	3.051758e-04	-2.742488e-01 -7.348517e-01	5.753284e+00
17	2537	1.525879e-04	-2.730750e-01 -7.333623e-01	5.733321e+00
18	2666	7.629395e-05	-2.722125e-01 -7.323401e-01	5.719202e+00
19	2789	3.814697e-05	-2.715784e-01 -7.316410e-01	5.709214e+00
20	2912	1.907349e-05	-2.711118e-01 -7.311646e-01	5.702149e+00
21	3031	9.536743e-06	-2.707681e-01 -7.308415e-01	5.697150e+00
22	3150	4.768372e-06	-2.705147e-01 -7.306235e-01	5.693613e+00
23	3264	2.384186e-06	-2.703274e-01 -7.304773e-01	5.691110e+00
24	3378	1.192093e-06	-2.701890e-01 -7.303801e-01	5.689338e+00
25	3490	5.960464e-07	-2.700863e-01 -7.303160e-01	5.688085e+00
26	3599	2.980232e-07	-2.700102e-01 -7.302743e-01	5.687197e+00
27	3708	1.490116e-07	-2.699535e-01 -7.302477e-01	5.686569e+00
28	3812	7.450581e-08	-2.699112e-01 -7.302311e-01	5.686125e+00
29	3916	3.725290e-08	-2.698796e-01 -7.302210e-01	5.685810e+00
30	4015	1.862645e-08	-2.698559e-01 -7.302153e-01	5.685587e+00
31	4114	9.313226e-09	-2.698380e-01 -7.302123e-01	5.685429e+00
32	4211	4.656613e-09	-2.698246e-01 -7.302110e-01	5.685317e+00
33	4306	2.328306e-09	-2.698143e-01 -7.302108e-01	5.685238e+00
34	4398	1.164153e-09	-2.698066e-01 -7.302112e-01	5.685181e+00
35	4487	5.820766e-10	-2.698006e-01 -7.302120e-01	5.685142e+00
36	4576	2.910383e-10	-2.697960e-01 -7.302129e-01	5.685113e+00
37	4663	1.455192e-10	-2.697925e-01 -7.302138e-01	5.685093e+00
38	4748	7.275958e-11	-2.697897e-01 -7.302148e-01	5.685079e+00
39	4833	3.637979e-11	-2.697875e-01 -7.302157e-01	5.685069e+00
40	4915	1.818989e-11	-2.697857e-01 -7.302165e-01	5.685062e+00
41	4994	9.094947e-12	-2.697843e-01 -7.302173e-01	5.685056e+00
42	5073	4.547474e-12	-2.697831e-01 -7.302180e-01	5.685053e+00
43	5152	2.273737e-12	-2.697822e-01 -7.302186e-01	5.685050e+00
44	5229	1.136868e-12	-2.697813e-01 -7.302192e-01	5.685048e+00
45	5304	5.684342e-13	-2.697806e-01 -7.302198e-01	5.685047e+00
46	5379	2.842171e-13	-2.697799e-01 -7.302204e-01	5.685046e+00
47	5454	1.421085e-13	-2.697792e-01 -7.302210e-01	5.685045e+00
48	5529	7.105427e-14	-2.697785e-01 -7.302216e-01	5.685044e+00
49	5606	3.552714e-14	-2.697777e-01 -7.302224e-01	5.685044e+00
50	5683	1.776357e-14	-2.697767e-01 -7.302234e-01	5.685043e+00
51	5763	8.881784e-15	-2.697751e-01 -7.302249e-01	5.685043e+00
52	5843	4.440892e-15	-2.697724e-01 -7.302276e-01	5.685042e+00
53	5923	2.220446e-15	-2.697671e-01 -7.302330e-01	5.685041e+00
54	6006	1.110223e-15	-2.697557e-01 -7.302443e-01	5.685038e+00
55	6091	5.551115e-16	-2.697301e-01 -7.302699e-01	5.685031e+00
56	6181	2.775558e-16	-2.696708e-01 -7.303292e-01	5.685017e+00
57	6273	1.387779e-16	-2.695307e-01 -7.304693e-01	5.684982e+00
58	6368	6.938894e-17	-2.691969e-01 -7.308031e-01	5.684903e+00
59	6465	3.469447e-17	-2.683988e-01 -7.316012e-01	5.684732e+00
60	6567	1.734723e-17	-2.664920e-01 -7.335080e-01	5.684422e+00
61	6672	8.673617e-18	-2.631582e-01 -7.368418e-01	5.684211e+00
62	6742	4.336809e-18	-2.631579e-01 -7.368421e-01	5.684211e+00
