1	178	1.000000e+01	-9.100683e-01 -1.520694e+00	1.942582e+01
2	351	1.000000e+00	-5.409421e-01 -1.600750e+00	1.249217e+01
3	518	1.000000e-01	-4.845382e-01 -1.587056e+00	1.156706e+01
4	691	1.000000e-02	-4.500975e-01 -1.536386e+00	1.103858e+01
5	866	1.000000e-03	-1.285866e-01 -9.585720e-01	6.588099e+00
6	1024	1.000000e-04	-1.119311e-01 -9.057091e-01	6.235175e+00
7	1172	1.000000e-05	-1.115275e-01 -8.933855e-01	6.153723e+00
8	1313	1.000000e-06	-1.124487e-01 -8.890224e-01	6.125573e+00
9	1447	1.000000e-07	-1.131519e-01 -8.873018e-01	6.114774e+00
10	1573	1.000000e-08	-1.135543e-01 -8.865876e-01	6.110402e+00
11	1694	1.000000e-09	-1.137621e-01 -8.862825e-01	6.108571e+00
12	1808	1.000000e-10	-1.138643e-01 -8.861498e-01	6.107788e+00
13	1914	1.000000e-11	-1.139130e-01 -8.860914e-01	6.107447e+00
14	2013	1.000000e-12	-1.139359e-01 -8.860655e-01	6.107297e+00
15	2105	1.000000e-13	-1.139466e-01 -8.860539e-01	6.107230e+00
16	2192	1.000000e-14	-1.139515e-01 -8.860487e-01	6.107200e+00
17	2272	1.000000e-15	-1.139537e-01 -8.860463e-01	6.107187e+00
18	2347	1.000000e-16	-1.139548e-01 -8.860452e-01	6.107180e+00
19	2420	1.000000e-17	-1.139553e-01 -8.860448e-01	6.107178e+00
20	2490	1.000000e-18	-1.139555e-01 -8.860445e-01	6.107176e+00
21	2555	1.000000e-19	-1.139556e-01 -8.860444e-01	6.107176e+00
22	2618	1.000000e-20	-1.139556e-01 -8.860444e-01	1.797693e+288
23	2679	1.000000e-21	-1.139555e-01 -8.860444e-01	1.797693e+287
