1	180	1.000000e+01	-1.212846e+00 -8.383230e-01	1.525113e+01
2	335	2.000000e+01	-1.128837e+00 -8.423570e-01	1.392412e+01
3	502	4.000000e+01	-1.191305e+00 -7.213213e-01	1.528900e+01
4	658	8.000000e+01	-1.189123e+00 -6.753230e-01	1.543274e+01
5	816	1.600000e+02	-1.186641e+00 -6.318580e-01	1.557533e+01
6	974	3.200000e+02	-1.183760e+00 -5.908508e-01	1.571259e+01
7	1132	6.400000e+02	-1.180306e+00 -5.520779e-01	1.583988e+01
8	1290	1.280000e+03	-1.175940e+00 -5.151060e-01	1.595096e+01
9	1448	2.560000e+03	-1.169916e+00 -4.790616e-01	1.603472e+01
10	1608	5.120000e+03	-1.160112e+00 -4.416831e-01	1.606282e+01
11	1773	1.024000e+04	-1.136354e+00 -3.926423e-01	1.590445e+01
12	1953	2.048000e+04	-7.418248e-01 2.503021e-02	1.145413e+01
13	2132	4.096000e+04	9.349165e-01 1.722929e+00	2.496562e+00
14	2294	8.192000e+04	1.012397e+00 1.819729e+00	2.607603e+00
15	2452	1.638400e+05	1.062659e+00 1.887616e+00	2.733995e+00
16	2608	3.276800e+05	1.094604e+00 1.935626e+00	2.856123e+00
17	2761	6.553600e+05	1.116194e+00 1.971848e+00	2.969083e+00
18	2911	1.310720e+06	1.131599e+00 2.000573e+00	3.072420e+00
19	3061	2.621440e+06	1.143046e+00 2.024138e+00	3.166678e+00
20	3209	5.242880e+06	1.151809e+00 2.043920e+00	3.252584e+00
21	3357	1.048576e+07	1.158673e+00 2.060799e+00	3.330858e+00
22	3503	2.097152e+07	1.164145e+00 2.075371e+00	3.402163e+00
23	3646	4.194304e+07	1.168569e+00 2.088060e+00	3.467106e+00
24	3789	8.388608e+07	1.172187e+00 2.099184e+00	3.526238e+00
25	3932	1.677722e+08	1.175173e+00 2.108983e+00	3.580063e+00
26	4075	3.355443e+08	1.177658e+00 2.117652e+00	3.629040e+00
27	4214	6.710886e+08	1.179740e+00 2.125345e+00	3.673592e+00
28	4353	1.342177e+09	1.181494e+00 2.132189e+00	3.714104e+00
29	4492	2.684355e+09	1.182978e+00 2.138291e+00	3.750931e+00
30	4631	5.368709e+09	1.184241e+00 2.143741e+00	3.784396e+00
31	4767	1.073742e+10	1.185319e+00 2.148616e+00	3.814798e+00
32	4903	2.147484e+10	1.186242e+00 2.152983e+00	3.842409e+00
33	5036	4.294967e+10	1.187035e+00 2.156897e+00	3.867479e+00
34	5169	8.589935e+10	1.187718e+00 2.160411e+00	3.890236e+00
35	5300	1.717987e+11	1.188308e+00 2.163566e+00	3.910889e+00
36	5431	3.435974e+11	1.188819e+00 2.166401e+00	3.929628e+00
37	5562	6.871948e+11	1.189262e+00 2.168951e+00	3.946628e+00
38	5693	1.374390e+12	1.189646e+00 2.171246e+00	3.962047e+00
39	5824	2.748779e+12	1.189981e+00 2.173311e+00	3.976030e+00
40	5950	5.497558e+12	1.190273e+00 2.175171e+00	3.988709e+00
41	6076	1.099512e+13	1.190528e+00 2.176847e+00	4.000204e+00
42	6202	2.199023e+13	1.190751e+00 2.178357e+00	4.010624e+00
43	6328	4.398047e+13	1.190946e+00 2.179719e+00	4.020069e+00
44	6454	8.796093e+13	1.191117e+00 2.180947e+00	4.028630e+00
45	6578	1.759219e+14	1.191266e+00 2.182054e+00	4.036388e+00
46	6702	3.518437e+14	1.191398e+00 2.183053e+00	4.043418e+00
47	6823	7.036874e+14	1.191514e+00 2.183954e+00	4.049788e+00
48	6944	1.407375e+15	1.191615e+00 2.184768e+00	4.055559e+00
49	7065	2.814750e+15	1.191705e+00 2.185503e+00	4.060788e+00
50	7186	5.629500e+15	1.191784e+00 2.186166e+00	4.065525e+00
51	7305	1.125900e+16	1.191853e+00 2.186765e+00	4.069817e+00
52	7424	2.251800e+16	1.191915e+00 2.187306e+00	4.073704e+00
53	7541	4.503600e+16	1.191969e+00 2.187794e+00	4.077226e+00
54	7658	9.007199e+16	1.192017e+00 2.188235e+00	4.080416e+00
55	7775	1.801440e+17	1.192059e+00 2.188634e+00	4.083305e+00
56	7889	3.602880e+17	1.192097e+00 2.188994e+00	4.085922e+00
57	8003	7.205759e+17	1.192130e+00 2.189320e+00	4.088292e+00
58	8117	1.441152e+18	1.192159e+00 2.189614e+00	4.090439e+00
59	8231	2.882304e+18	1.192185e+00 2.189880e+00	4.092383e+00
60	8342	5.764608e+18	1.192208e+00 2.190120e+00	4.094145e+00
61	8453	1.152922e+19	1.192229e+00 2.190338e+00	4.095739e+00
62	8562	2.305843e+19	1.192247e+00 2.190534e+00	4.097184e+00
63	8671	4.611686e+19	1.192263e+00 2.190712e+00	4.098492e+00
64	8780	9.223372e+19	1.192277e+00 2.190872e+00	4.099677e+00
65	8889	1.844674e+20	1.192290e+00 2.191017e+00	4.100750e+00
66	8998	3.689349e+20	1.192301e+00 2.191149e+00	4.101722e+00
67	9105	7.378698e+20	1.192311e+00 2.191267e+00	4.102602e+00
68	9209	1.475740e+21	1.192320e+00 2.191375e+00	4.103399e+00
69	9313	2.951479e+21	1.192328e+00 2.191472e+00	4.104120e+00
70	9417	5.902958e+21	1.192335e+00 2.191559e+00	4.104774e+00
71	9521	1.180592e+22	1.192342e+00 2.191639e+00	4.105366e+00
72	9625	2.361183e+22	1.192347e+00 2.191711e+00	4.105902e+00
73	9729	4.722366e+22	1.192352e+00 2.191776e+00	4.106388e+00
74	9828	9.444733e+22	1.192357e+00 2.191835e+00	4.106827e+00
75	9927	1.888947e+23	1.192361e+00 2.191888e+00	4.107225e+00
76	10026	3.777893e+23	1.192364e+00 2.191936e+00	4.107586e+00
77	10125	7.555786e+23	1.192367e+00 2.191979e+00	4.107912e+00
78	10224	1.511157e+24	1.192370e+00 2.192019e+00	4.108208e+00
79	10323	3.022315e+24	1.192373e+00 2.192054e+00	4.108476e+00
80	10419	6.044629e+24	1.192375e+00 2.192087e+00	4.108719e+00
81	10513	1.208926e+25	1.192377e+00 2.192116e+00	4.108938e+00
82	10607	2.417852e+25	1.192379e+00 2.192142e+00	4.109137e+00
83	10701	4.835703e+25	1.192380e+00 2.192166e+00	4.109317e+00
84	10795	9.671407e+25	1.192382e+00 2.192188e+00	4.109480e+00
85	10889	1.934281e+26	1.192383e+00 2.192207e+00	4.109628e+00
86	10981	3.868563e+26	1.192384e+00 2.192225e+00	4.109762e+00
87	11073	7.737125e+26	1.192385e+00 2.192241e+00	4.109883e+00
88	11163	1.547425e+27	1.192386e+00 2.192255e+00	4.109993e+00
89	11253	3.094850e+27	1.192387e+00 2.192269e+00	4.110092e+00
90	11343	6.189700e+27	1.192388e+00 2.192280e+00	4.110182e+00
91	11433	1.237940e+28	1.192388e+00 2.192291e+00	4.110264e+00
92	11523	2.475880e+28	1.192389e+00 2.192301e+00	4.110337e+00
93	11610	4.951760e+28	1.192389e+00 2.192310e+00	4.110404e+00
94	11697	9.903520e+28	1.192390e+00 2.192318e+00	4.110465e+00
95	11781	1.980704e+29	1.192390e+00 2.192325e+00	4.110520e+00
96	11865	3.961408e+29	1.192390e+00 2.192331e+00	4.110569e+00
97	11949	7.922816e+29	1.192391e+00 2.192337e+00	4.110614e+00
98	12033	1.584563e+30	1.192391e+00 2.192343e+00	4.110655e+00
99	12117	3.169127e+30	1.192391e+00 2.192347e+00	4.110692e+00
100	12199	6.338253e+30	1.192392e+00 2.192352e+00	4.110725e+00
101	12281	1.267651e+31	1.192392e+00 2.192356e+00	4.110756e+00
102	12361	2.535301e+31	1.192392e+00 2.192359e+00	4.110783e+00
103	12441	5.070602e+31	1.192392e+00 2.192363e+00	4.110808e+00
104	12521	1.014120e+32	1.192392e+00 2.192366e+00	4.110830e+00
105	12601	2.028241e+32	1.192392e+00 2.192368e+00	4.110851e+00
106	12681	4.056482e+32	1.192393e+00 2.192371e+00	4.110869e+00
107	12761	8.112964e+32	1.192393e+00 2.192373e+00	4.110886e+00
108	12839	1.622593e+33	1.192393e+00 2.192375e+00	4.110901e+00
109	12914	3.245186e+33	1.192393e+00 2.192377e+00	4.110915e+00
110	12989	6.490371e+33	1.192393e+00 2.192378e+00	4.110927e+00
111	13064	1.298074e+34	1.192393e+00 2.192380e+00	4.110938e+00
112	13139	2.596148e+34	1.192393e+00 2.192381e+00	4.110948e+00
113	13214	5.192297e+34	1.192393e+00 2.192382e+00	4.110958e+00
114	13289	1.038459e+35	1.192393e+00 2.192383e+00	4.110966e+00
115	13364	2.076919e+35	1.192393e+00 2.192384e+00	4.110973e+00
116	13437	4.153837e+35	1.192393e+00 2.192385e+00	4.110980e+00
117	13510	8.307675e+35	1.192393e+00 2.192386e+00	4.110986e+00
118	13583	1.661535e+36	1.192393e+00 2.192387e+00	4.110992e+00
119	13656	3.323070e+36	1.192393e+00 2.192387e+00	4.110997e+00
120	13729	6.646140e+36	1.192393e+00 2.192388e+00	4.111002e+00
121	13802	1.329228e+37	1.192393e+00 2.192388e+00	4.111006e+00
122	13875	2.658456e+37	1.192393e+00 2.192389e+00	4.111010e+00
123	13945	5.316912e+37	1.192394e+00 2.192389e+00	4.111013e+00
124	14015	1.063382e+38	1.192394e+00 2.192390e+00	4.111016e+00
125	14085	2.126765e+38	1.192394e+00 2.192390e+00	4.111019e+00
126	14155	4.253530e+38	1.192394e+00 2.192391e+00	4.111022e+00
127	14225	8.507059e+38	1.192394e+00 2.192391e+00	4.111024e+00
128	14295	1.701412e+39	1.192394e+00 2.192391e+00	4.111026e+00
129	14365	3.402824e+39	1.192394e+00 2.192391e+00	4.111028e+00
130	14433	6.805647e+39	1.192394e+00 2.192392e+00	4.111030e+00
131	14501	1.361129e+40	1.192394e+00 2.192392e+00	4.111031e+00
132	14569	2.722259e+40	1.192394e+00 2.192392e+00	4.111033e+00
133	14637	5.444518e+40	1.192394e+00 2.192392e+00	4.111034e+00
134	14705	1.088904e+41	1.192394e+00 2.192392e+00	4.111035e+00
135	14773	2.177807e+41	1.192394e+00 2.192392e+00	4.111036e+00
136	14841	4.355614e+41	1.192394e+00 2.192393e+00	4.111037e+00
137	14909	8.711229e+41	1.192394e+00 2.192393e+00	4.111038e+00
138	14974	1.742246e+42	1.192394e+00 2.192393e+00	4.111039e+00
139	15039	3.484491e+42	1.192394e+00 2.192393e+00	4.111039e+00
140	15104	6.968983e+42	1.192394e+00 2.192393e+00	4.111040e+00
141	15169	1.393797e+43	1.192394e+00 2.192393e+00	4.111040e+00
142	15234	2.787593e+43	1.192394e+00 2.192393e+00	4.111041e+00
143	15299	5.575186e+43	1.192394e+00 2.192393e+00	4.111041e+00
144	15364	1.115037e+44	1.192394e+00 2.192393e+00	4.111042e+00
145	15429	2.230075e+44	1.192394e+00 2.192393e+00	4.111042e+00
146	15492	4.460149e+44	1.192394e+00 2.192393e+00	4.111043e+00
147	15555	8.920298e+44	1.192394e+00 2.192393e+00	4.111043e+00
148	15618	1.784060e+45	1.192394e+00 2.192393e+00	4.111043e+00
149	15681	3.568119e+45	1.192394e+00 2.192393e+00	4.111043e+00
150	15744	7.136238e+45	1.192394e+00 2.192393e+00	4.111044e+00
151	15807	1.427248e+46	1.192394e+00 2.192393e+00	4.111044e+00
152	15870	2.854495e+46	1.192394e+00 2.192393e+00	4.111044e+00
153	15933	5.708991e+46	1.192394e+00 2.192393e+00	4.111044e+00
154	15996	1.141798e+47	1.192394e+00 2.192393e+00	4.111044e+00
155	16057	2.283596e+47	1.192394e+00 2.192393e+00	4.111045e+00
156	16118	4.567193e+47	1.192394e+00 2.192394e+00	4.111045e+00
157	16179	9.134385e+47	1.192394e+00 2.192394e+00	4.111045e+00
158	16240	1.826877e+48	1.192394e+00 2.192394e+00	4.111045e+00
159	16301	3.653754e+48	1.192394e+00 2.192394e+00	4.111045e+00
160	16362	7.307508e+48	1.192394e+00 2.192394e+00	4.111045e+00
161	16423	1.461502e+49	1.192394e+00 2.192394e+00	4.111045e+00
162	16484	2.923003e+49	1.192394e+00 2.192394e+00	4.111045e+00
163	16545	5.846007e+49	1.192394e+00 2.192394e+00	4.111045e+00
164	16606	1.169201e+50	1.192394e+00 2.192394e+00	4.111045e+00
165	16667	2.338403e+50	1.192394e+00 2.192394e+00	4.111045e+00
166	16728	4.676805e+50	1.192394e+00 2.192394e+00	4.111046e+00
167	16789	9.353610e+50	1.192394e+00 2.192394e+00	4.111046e+00
168	16850	1.870722e+51	1.192394e+00 2.192394e+00	4.111046e+00
169	16911	3.741444e+51	1.192394e+00 2.192394e+00	4.111046e+00
170	16972	7.482888e+51	1.192394e+00 2.192394e+00	4.111046e+00
171	17033	1.496578e+52	1.192394e+00 2.192394e+00	4.111046e+00
172	17094	2.993155e+52	1.192394e+00 2.192394e+00	4.111046e+00
173	17155	5.986311e+52	1.192394e+00 2.192394e+00	4.111046e+00
174	17216	1.197262e+53	1.192394e+00 2.192394e+00	4.111046e+00
175	17277	2.394524e+53	1.192394e+00 2.192394e+00	4.111046e+00
176	17338	4.789049e+53	1.192394e+00 2.192394e+00	4.111046e+00
177	17399	9.578097e+53	1.192394e+00 2.192394e+00	4.111046e+00
178	17460	1.915619e+54	1.192394e+00 2.192394e+00	4.111046e+00
179	17521	3.831239e+54	1.192394e+00 2.192394e+00	4.111046e+00
180	17582	7.662478e+54	1.192394e+00 2.192394e+00	4.111046e+00
181	17643	1.532496e+55	1.192394e+00 2.192394e+00	4.111046e+00
182	17704	3.064991e+55	1.192394e+00 2.192394e+00	4.111046e+00
183	17765	6.129982e+55	1.192394e+00 2.192394e+00	4.111046e+00
184	17826	1.225996e+56	1.192394e+00 2.192394e+00	4.111046e+00
185	17887	2.451993e+56	1.192394e+00 2.192394e+00	4.111046e+00
186	17948	4.903986e+56	1.192394e+00 2.192394e+00	4.111046e+00
187	18009	9.807971e+56	1.192394e+00 2.192394e+00	4.111046e+00
188	18070	1.961594e+57	1.192394e+00 2.192394e+00	4.111046e+00
189	18131	3.923189e+57	1.192394e+00 2.192394e+00	4.111046e+00
190	18192	7.846377e+57	1.192394e+00 2.192394e+00	4.111046e+00
191	18253	1.569275e+58	1.192394e+00 2.192394e+00	4.111046e+00
192	18314	3.138551e+58	1.192394e+00 2.192394e+00	4.111046e+00
193	18375	6.277102e+58	1.192394e+00 2.192394e+00	4.111046e+00
194	18436	1.255420e+59	1.192394e+00 2.192394e+00	4.111046e+00
195	18497	2.510841e+59	1.192394e+00 2.192394e+00	4.111046e+00
196	18558	5.021681e+59	1.192394e+00 2.192394e+00	4.111046e+00
197	18619	1.004336e+60	1.192394e+00 2.192394e+00	4.111046e+00
198	18680	2.008673e+60	1.192394e+00 2.192394e+00	4.111046e+00
199	18741	4.017345e+60	1.192394e+00 2.192394e+00	4.111046e+00
200	18802	8.034690e+60	1.192394e+00 2.192394e+00	4.111046e+00
201	18863	1.606938e+61	1.192394e+00 2.192394e+00	4.111046e+00
202	18924	3.213876e+61	1.192394e+00 2.192394e+00	4.111046e+00
203	18985	6.427752e+61	1.192394e+00 2.192394e+00	4.111046e+00
204	19046	1.285550e+62	1.192394e+00 2.192394e+00	4.111046e+00
205	19107	2.571101e+62	1.192394e+00 2.192394e+00	4.111046e+00
206	19168	5.142202e+62	1.192394e+00 2.192394e+00	4.111046e+00
207	19229	1.028440e+63	1.192394e+00 2.192394e+00	4.111046e+00
208	19290	2.056881e+63	1.192394e+00 2.192394e+00	4.111046e+00
209	19351	4.113761e+63	1.192394e+00 2.192394e+00	4.111046e+00
210	19412	8.227523e+63	1.192394e+00 2.192394e+00	4.111046e+00
211	19473	1.645505e+64	1.192394e+00 2.192394e+00	4.111046e+00
212	19534	3.291009e+64	1.192394e+00 2.192394e+00	4.111046e+00
213	19595	6.582018e+64	1.192394e+00 2.192394e+00	4.111046e+00
214	19656	1.316404e+65	1.192394e+00 2.192394e+00	4.111046e+00
215	19717	2.632807e+65	1.192394e+00 2.192394e+00	4.111046e+00
216	19778	5.265615e+65	1.192394e+00 2.192394e+00	4.111046e+00
217	19839	1.053123e+66	1.192394e+00 2.192394e+00	4.111046e+00
218	19900	2.106246e+66	1.192394e+00 2.192394e+00	4.111046e+00
219	19961	4.212492e+66	1.192394e+00 2.192394e+00	4.111046e+00
220	20022	8.424983e+66	1.192394e+00 2.192394e+00	4.111046e+00
221	20083	1.684997e+67	1.192394e+00 2.192394e+00	4.111046e+00
222	20144	3.369993e+67	1.192394e+00 2.192394e+00	4.111046e+00
223	20205	6.739987e+67	1.192394e+00 2.192394e+00	4.111046e+00
224	20266	1.347997e+68	1.192394e+00 2.192394e+00	4.111046e+00
225	20327	2.695995e+68	1.192394e+00 2.192394e+00	4.111046e+00
226	20388	5.391989e+68	1.192394e+00 2.192394e+00	4.111046e+00
227	20449	1.078398e+69	1.192394e+00 2.192394e+00	4.111046e+00
228	20510	2.156796e+69	1.192394e+00 2.192394e+00	4.111046e+00
229	20571	4.313591e+69	1.192394e+00 2.192394e+00	4.111046e+00
230	20632	8.627183e+69	1.192394e+00 2.192394e+00	4.111046e+00
231	20693	1.725437e+70	1.192394e+00 2.192394e+00	4.111046e+00
232	20754	3.450873e+70	1.192394e+00 2.192394e+00	4.111046e+00
233	20815	6.901746e+70	1.192394e+00 2.192394e+00	4.111046e+00
234	20876	1.380349e+71	1.192394e+00 2.192394e+00	4.111046e+00
235	20937	2.760699e+71	1.192394e+00 2.192394e+00	4.111046e+00
236	20998	5.521397e+71	1.192394e+00 2.192394e+00	4.111046e+00
237	21059	1.104279e+72	1.192394e+00 2.192394e+00	4.111046e+00
238	21120	2.208559e+72	1.192394e+00 2.192394e+00	4.111046e+00
239	21181	4.417118e+72	1.192394e+00 2.192394e+00	4.111046e+00
240	21242	8.834235e+72	1.192394e+00 2.192394e+00	4.111046e+00
241	21303	1.766847e+73	1.192394e+00 2.192394e+00	4.111046e+00
242	21364	3.533694e+73	1.192394e+00 2.192394e+00	4.111046e+00
243	21425	7.067388e+73	1.192394e+00 2.192394e+00	4.111046e+00
244	21486	1.413478e+74	1.192394e+00 2.192394e+00	4.111046e+00
245	21547	2.826955e+74	1.192394e+00 2.192394e+00	4.111046e+00
246	21608	5.653911e+74	1.192394e+00 2.192394e+00	4.111046e+00
247	21669	1.130782e+75	1.192394e+00 2.192394e+00	4.111046e+00
248	21730	2.261564e+75	1.192394e+00 2.192394e+00	4.111046e+00
249	21791	4.523128e+75	1.192394e+00 2.192394e+00	4.111046e+00
250	21852	9.046257e+75	1.192394e+00 2.192394e+00	4.111046e+00
251	21913	1.809251e+76	1.192394e+00 2.192394e+00	4.111046e+00
252	21974	3.618503e+76	1.192394e+00 2.192394e+00	4.111046e+00
253	22035	7.237006e+76	1.192394e+00 2.192394e+00	4.111046e+00
