1	178	1.000000e+01	-1.235294e+00 -5.210084e-01	1.703044e+01
2	360	2.000000e+01	-3.474053e-01 4.859280e-01	8.224281e+00
3	537	4.000000e+01	8.367535e-01 1.745844e+00	3.385733e+00
4	704	8.000000e+01	1.052789e+00 2.005170e+00	3.636478e+00
5	864	1.600000e+02	1.115907e+00 2.091517e+00	3.847561e+00
6	1017	3.200000e+02	1.139124e+00 2.126778e+00	3.959910e+00
7	1165	6.400000e+02	1.148380e+00 2.142169e+00	4.016515e+00
8	1306	1.280000e+03	1.152242e+00 2.149126e+00	4.044649e+00
9	1439	2.560000e+03	1.153901e+00 2.152341e+00	4.058586e+00
10	1568	5.120000e+03	1.154630e+00 2.153849e+00	4.065489e+00
11	1691	1.024000e+04	1.154955e+00 2.154565e+00	4.068910e+00
12	1810	2.048000e+04	1.155102e+00 2.154907e+00	4.070608e+00
13	1924	4.096000e+04	1.155169e+00 2.155071e+00	4.071451e+00
14	2033	8.192000e+04	1.155200e+00 2.155151e+00	4.071870e+00
15	2134	1.638400e+05	1.155214e+00 2.155190e+00	4.072079e+00
16	2231	3.276800e+05	1.155221e+00 2.155209e+00	4.072183e+00
17	2323	6.553600e+05	1.155224e+00 2.155218e+00	4.072235e+00
18	2410	1.310720e+06	1.155225e+00 2.155222e+00	4.072260e+00
19	2492	2.621440e+06	1.155226e+00 2.155225e+00	4.072273e+00
20	2569	5.242880e+06	1.155226e+00 2.155226e+00	4.072280e+00
21	2642	1.048576e+07	1.155227e+00 2.155226e+00	4.072283e+00
22	2712	2.097152e+07	1.155227e+00 2.155227e+00	4.072284e+00
23	2780	4.194304e+07	1.155227e+00 2.155227e+00	4.072285e+00
24	2845	8.388608e+07	1.155227e+00 2.155227e+00	4.072286e+00
25	2908	1.677722e+08	1.155227e+00 2.155227e+00	4.072286e+00
26	2969	3.355443e+08	1.155227e+00 2.155227e+00	4.072286e+00
27	3030	6.710886e+08	1.155227e+00 2.155227e+00	4.072286e+00
28	3091	1.342177e+09	1.155227e+00 2.155227e+00	4.072286e+00
