1	175	1.000000e+01	-2.454706e+00 -2.533301e+00	3.582968e+01
2	328	5.000000e+00	-2.454799e+00 -2.494863e+00	3.581333e+01
3	498	2.500000e+00	-1.017834e+00 -2.481170e+00	2.078037e+01
4	651	1.250000e+00	-1.003583e+00 -2.480959e+00	2.077359e+01
5	806	6.250000e-01	-9.962288e-01 -2.480666e+00	2.076900e+01
6	969	3.125000e-01	-9.917229e-01 -2.479117e+00	2.075024e+01
7	1146	1.562500e-01	-9.053316e-01 -2.330423e+00	1.901441e+01
8	1323	7.812500e-02	-2.397060e-01 -1.001159e+00	6.929857e+00
9	1488	3.906250e-02	-2.340153e-01 -9.043008e-01	6.365512e+00
10	1650	1.953125e-02	-2.489024e-01 -8.344867e-01	6.050907e+00
11	1806	9.765625e-03	-2.656216e-01 -7.878466e-01	5.896270e+00
12	1951	4.882813e-03	-2.763500e-01 -7.595309e-01	5.821063e+00
13	2099	2.441406e-03	-2.805803e-01 -7.442041e-01	5.779446e+00
14	2245	1.220703e-03	-2.814181e-01 -7.359380e-01	5.752450e+00
15	2386	6.103516e-04	-2.809853e-01 -7.312399e-01	5.733687e+00
16	2524	3.051758e-04	-2.801862e-01 -7.284465e-01	5.720379e+00
17	2658	1.525879e-04	-2.793705e-01 -7.267320e-01	5.710896e+00
18	2789	7.629395e-05	-2.786599e-01 -7.256560e-01	5.704135e+00
19	2917	3.814697e-05	-2.780831e-01 -7.249696e-01	5.699320e+00
20	3043	1.907349e-05	-2.776329e-01 -7.245265e-01	5.695893e+00
21	3164	9.536743e-06	-2.772896e-01 -7.242377e-01	5.693457e+00
22	3285	4.768372e-06	-2.770322e-01 -7.240481e-01	5.691726e+00
23	3401	2.384186e-06	-2.768411e-01 -7.239229e-01	5.690498e+00
24	3515	1.192093e-06	-2.767006e-01 -7.238398e-01	5.689627e+00
25	3627	5.960464e-07	-2.765978e-01 -7.237844e-01	5.689009e+00
26	3736	2.980232e-07	-2.765229e-01 -7.237473e-01	5.688571e+00
27	3842	1.490116e-07	-2.764687e-01 -7.237224e-01	5.688260e+00
28	3946	7.450581e-08	-2.764295e-01 -7.237056e-01	5.688041e+00
29	4045	3.725290e-08	-2.764012e-01 -7.236943e-01	5.687885e+00
30	4144	1.862645e-08	-2.763809e-01 -7.236867e-01	5.687774e+00
31	4239	9.313226e-09	-2.763663e-01 -7.236815e-01	5.687696e+00
32	4334	4.656613e-09	-2.763558e-01 -7.236780e-01	5.687641e+00
33	4423	2.328306e-09	-2.763483e-01 -7.236756e-01	5.687602e+00
34	4512	1.164153e-09	-2.763429e-01 -7.236740e-01	5.687574e+00
35	4597	5.820766e-10	-2.763391e-01 -7.236729e-01	5.687554e+00
36	4682	2.910383e-10	-2.763364e-01 -7.236721e-01	5.687541e+00
37	4761	1.455192e-10	-2.763344e-01 -7.236716e-01	5.687531e+00
38	4840	7.275958e-11	-2.763330e-01 -7.236712e-01	5.687524e+00
39	4917	3.637979e-11	-2.763320e-01 -7.236710e-01	5.687519e+00
40	4992	1.818989e-11	-2.763313e-01 -7.236708e-01	5.687515e+00
41	5065	9.094947e-12	-2.763308e-01 -7.236707e-01	5.687513e+00
42	5135	4.547474e-12	-2.763304e-01 -7.236706e-01	5.687511e+00
43	5205	2.273737e-12	-2.763302e-01 -7.236706e-01	5.687510e+00
44	5273	1.136868e-12	-2.763300e-01 -7.236705e-01	5.687509e+00
45	5341	5.684342e-13	-2.763299e-01 -7.236705e-01	5.687508e+00
46	5406	2.842171e-13	-2.763298e-01 -7.236705e-01	5.687508e+00
47	5471	1.421085e-13	-2.763297e-01 -7.236705e-01	5.687508e+00
48	5534	7.105427e-14	-2.763297e-01 -7.236705e-01	5.687507e+00
49	5597	3.552714e-14	-2.763296e-01 -7.236705e-01	5.687507e+00
50	5660	1.776357e-14	-2.763296e-01 -7.236705e-01	5.687507e+00
51	5721	8.881784e-15	-2.763296e-01 -7.236704e-01	5.687507e+00
52	5782	4.440892e-15	-2.763296e-01 -7.236704e-01	5.687507e+00
53	5843	2.220446e-15	-2.763296e-01 -7.236704e-01	5.687507e+00
54	5904	1.110223e-15	-2.763296e-01 -7.236704e-01	5.687507e+00
55	5965	5.551115e-16	-2.763296e-01 -7.236704e-01	5.687507e+00
56	6026	2.775558e-16	-2.763296e-01 -7.236704e-01	5.687507e+00
57	6087	1.387779e-16	-2.763295e-01 -7.236704e-01	5.687507e+00
58	6150	6.938894e-17	-2.763295e-01 -7.236704e-01	5.687507e+00
