1	173	6.400000e+01	-1.383316e+00 -8.833157e-01	1.804058e+01
2	340	1.280000e+02	-1.295025e+00 -7.531236e-01	1.697605e+01
3	527	2.560000e+02	8.764510e-01 1.449191e+00	1.357919e+00
4	695	5.120000e+02	9.726994e-01 1.588212e+00	1.517657e+00
5	853	1.024000e+03	1.034413e+00 1.686905e+00	1.706539e+00
6	1013	2.048000e+03	1.064968e+00 1.749567e+00	1.887366e+00
7	1169	4.096000e+03	1.079183e+00 1.792379e+00	2.053407e+00
8	1325	8.192000e+03	1.084814e+00 1.823839e+00	2.206217e+00
9	1475	1.638400e+04	1.085667e+00 1.848171e+00	2.347666e+00
10	1625	3.276800e+04	1.083766e+00 1.867669e+00	2.479069e+00
11	1773	6.553600e+04	1.080267e+00 1.883695e+00	2.601318e+00
12	1919	1.310720e+05	1.075869e+00 1.897115e+00	2.715052e+00
13	2065	2.621440e+05	1.071009e+00 1.908513e+00	2.820774e+00
14	2208	5.242880e+05	1.065969e+00 1.918298e+00	2.918915e+00
15	2351	1.048576e+06	1.060929e+00 1.926773e+00	3.009874e+00
16	2494	2.097152e+06	1.056007e+00 1.934162e+00	3.094035e+00
17	2635	4.194304e+06	1.051277e+00 1.940643e+00	3.171775e+00
18	2774	8.388608e+06	1.046783e+00 1.946352e+00	3.243465e+00
19	2913	1.677722e+07	1.042550e+00 1.951402e+00	3.309475e+00
20	3049	3.355443e+07	1.038591e+00 1.955883e+00	3.370166e+00
21	3185	6.710886e+07	1.034905e+00 1.959869e+00	3.425891e+00
22	3321	1.342177e+08	1.031489e+00 1.963425e+00	3.476993e+00
23	3455	2.684355e+08	1.028334e+00 1.966603e+00	3.523801e+00
24	3589	5.368709e+08	1.025428e+00 1.969448e+00	3.566632e+00
25	3720	1.073742e+09	1.022758e+00 1.971999e+00	3.605787e+00
26	3848	2.147484e+09	1.020309e+00 1.974289e+00	3.641550e+00
27	3976	4.294967e+09	1.018067e+00 1.976348e+00	3.674188e+00
28	4104	8.589935e+09	1.016017e+00 1.978200e+00	3.703954e+00
29	4230	1.717987e+10	1.014145e+00 1.979868e+00	3.731083e+00
30	4356	3.435974e+10	1.012438e+00 1.981372e+00	3.755793e+00
31	4482	6.871948e+10	1.010883e+00 1.982728e+00	3.778289e+00
32	4604	1.374390e+11	1.009466e+00 1.983952e+00	3.798758e+00
33	4726	2.748779e+11	1.008178e+00 1.985057e+00	3.817376e+00
34	4845	5.497558e+11	1.007006e+00 1.986056e+00	3.834302e+00
35	4964	1.099512e+12	1.005941e+00 1.986959e+00	3.849686e+00
36	5083	2.199023e+12	1.004974e+00 1.987775e+00	3.863663e+00
37	5200	4.398047e+12	1.004096e+00 1.988513e+00	3.876357e+00
38	5317	8.796093e+12	1.003299e+00 1.989181e+00	3.887885e+00
39	5428	1.759219e+13	1.002577e+00 1.989786e+00	3.898349e+00
40	5539	3.518437e+13	1.001921e+00 1.990334e+00	3.907847e+00
41	5648	7.036874e+13	1.001327e+00 1.990829e+00	3.916466e+00
42	5754	1.407375e+14	1.000788e+00 1.991278e+00	3.924286e+00
43	5858	2.814750e+14	1.000300e+00 1.991685e+00	3.931379e+00
44	5959	5.629500e+14	9.998578e-01 1.992054e+00	3.937813e+00
45	6063	1.125900e+15	9.994572e-01 1.992388e+00	3.943647e+00
46	6167	2.251800e+15	9.990944e-01 1.992691e+00	3.948938e+00
47	6271	4.503600e+15	9.987659e-01 1.992965e+00	3.953734e+00
48	6375	9.007199e+15	9.984685e-01 1.993214e+00	3.958083e+00
49	6479	1.801440e+16	9.981992e-01 1.993440e+00	3.962025e+00
50	6583	3.602880e+16	9.979555e-01 1.993644e+00	3.965598e+00
51	6687	7.205759e+16	9.977349e-01 1.993830e+00	3.968836e+00
52	6791	1.441152e+17	9.975353e-01 1.993998e+00	3.971771e+00
53	6892	2.882304e+17	9.973546e-01 1.994151e+00	3.974431e+00
54	6993	5.764608e+17	9.971912e-01 1.994289e+00	3.976841e+00
55	7094	1.152922e+18	9.970433e-01 1.994415e+00	3.979025e+00
56	7195	2.305843e+18	9.969095e-01 1.994529e+00	3.981004e+00
57	7296	4.611686e+18	9.967885e-01 1.994632e+00	3.982798e+00
58	7397	9.223372e+18	9.966790e-01 1.994726e+00	3.984422e+00
59	7498	1.844674e+19	9.965800e-01 1.994811e+00	3.985894e+00
60	7597	3.689349e+19	9.964904e-01 1.994888e+00	3.987228e+00
61	7696	7.378698e+19	9.964094e-01 1.994958e+00	3.988436e+00
62	7795	1.475740e+20	9.963361e-01 1.995021e+00	3.989530e+00
63	7892	2.951479e+20	9.962698e-01 1.995079e+00	3.990522e+00
64	7989	5.902958e+20	9.962099e-01 1.995131e+00	3.991420e+00
65	8086	1.180592e+21	9.961557e-01 1.995179e+00	3.992234e+00
66	8183	2.361183e+21	9.961067e-01 1.995222e+00	3.992971e+00
67	8277	4.722366e+21	9.960624e-01 1.995261e+00	3.993638e+00
68	8371	9.444733e+21	9.960223e-01 1.995297e+00	3.994243e+00
69	8465	1.888947e+22	9.959861e-01 1.995329e+00	3.994791e+00
70	8559	3.777893e+22	9.959533e-01 1.995358e+00	3.995287e+00
71	8653	7.555786e+22	9.959237e-01 1.995384e+00	3.995737e+00
72	8744	1.511157e+23	9.958970e-01 1.995408e+00	3.996144e+00
73	8835	3.022315e+23	9.958727e-01 1.995430e+00	3.996513e+00
74	8924	6.044629e+23	9.958509e-01 1.995450e+00	3.996847e+00
75	9013	1.208926e+24	9.958311e-01 1.995468e+00	3.997149e+00
76	9102	2.417852e+24	9.958132e-01 1.995484e+00	3.997423e+00
77	9191	4.835703e+24	9.957970e-01 1.995499e+00	3.997671e+00
78	9280	9.671407e+24	9.957824e-01 1.995513e+00	3.997896e+00
79	9369	1.934281e+25	9.957692e-01 1.995525e+00	3.998100e+00
80	9456	3.868563e+25	9.957572e-01 1.995536e+00	3.998284e+00
81	9541	7.737125e+25	9.957464e-01 1.995546e+00	3.998452e+00
82	9626	1.547425e+26	9.957367e-01 1.995555e+00	3.998603e+00
83	9711	3.094850e+26	9.957278e-01 1.995563e+00	3.998740e+00
84	9796	6.189700e+26	9.957199e-01 1.995571e+00	3.998864e+00
85	9881	1.237940e+27	9.957126e-01 1.995578e+00	3.998977e+00
86	9966	2.475880e+27	9.957061e-01 1.995584e+00	3.999078e+00
87	10051	4.951760e+27	9.957002e-01 1.995590e+00	3.999171e+00
88	10133	9.903520e+27	9.956949e-01 1.995595e+00	3.999254e+00
89	10215	1.980704e+28	9.956901e-01 1.995599e+00	3.999330e+00
90	10295	3.961408e+28	9.956857e-01 1.995604e+00	3.999398e+00
91	10375	7.922816e+28	9.956818e-01 1.995607e+00	3.999460e+00
92	10455	1.584563e+29	9.956783e-01 1.995611e+00	3.999517e+00
93	10535	3.169127e+29	9.956750e-01 1.995614e+00	3.999568e+00
94	10615	6.338253e+29	9.956721e-01 1.995617e+00	3.999614e+00
95	10693	1.267651e+30	9.956695e-01 1.995619e+00	3.999656e+00
96	10771	2.535301e+30	9.956671e-01 1.995622e+00	3.999693e+00
97	10849	5.070602e+30	9.956650e-01 1.995624e+00	3.999728e+00
98	10927	1.014120e+31	9.956631e-01 1.995626e+00	3.999759e+00
99	11005	2.028241e+31	9.956613e-01 1.995628e+00	3.999787e+00
100	11083	4.056482e+31	9.956597e-01 1.995629e+00	3.999812e+00
101	11161	8.112964e+31	9.956583e-01 1.995631e+00	3.999835e+00
102	11236	1.622593e+32	9.956570e-01 1.995632e+00	3.999856e+00
103	11311	3.245186e+32	9.956559e-01 1.995633e+00	3.999875e+00
104	11386	6.490371e+32	9.956548e-01 1.995634e+00	3.999892e+00
105	11461	1.298074e+33	9.956538e-01 1.995635e+00	3.999908e+00
106	11536	2.596148e+33	9.956530e-01 1.995636e+00	3.999922e+00
107	11611	5.192297e+33	9.956522e-01 1.995637e+00	3.999935e+00
108	11686	1.038459e+34	9.956515e-01 1.995638e+00	3.999946e+00
109	11759	2.076919e+34	9.956508e-01 1.995638e+00	3.999957e+00
110	11832	4.153837e+34	9.956502e-01 1.995639e+00	3.999966e+00
111	11905	8.307675e+34	9.956497e-01 1.995639e+00	3.999975e+00
112	11978	1.661535e+35	9.956492e-01 1.995640e+00	3.999982e+00
113	12051	3.323070e+35	9.956488e-01 1.995640e+00	3.999989e+00
114	12124	6.646140e+35	9.956484e-01 1.995641e+00	3.999996e+00
115	12197	1.329228e+36	9.956481e-01 1.995641e+00	4.000002e+00
116	12267	2.658456e+36	9.956477e-01 1.995641e+00	4.000007e+00
117	12337	5.316912e+36	9.956474e-01 1.995642e+00	4.000011e+00
118	12407	1.063382e+37	9.956472e-01 1.995642e+00	4.000016e+00
119	12477	2.126765e+37	9.956469e-01 1.995642e+00	4.000020e+00
120	12547	4.253530e+37	9.956467e-01 1.995643e+00	4.000023e+00
121	12617	8.507059e+37	9.956465e-01 1.995643e+00	4.000026e+00
122	12687	1.701412e+38	9.956463e-01 1.995643e+00	4.000029e+00
123	12757	3.402824e+38	9.956462e-01 1.995643e+00	4.000032e+00
124	12825	6.805647e+38	9.956460e-01 1.995643e+00	4.000034e+00
125	12893	1.361129e+39	9.956459e-01 1.995643e+00	4.000036e+00
126	12961	2.722259e+39	9.956458e-01 1.995643e+00	4.000038e+00
127	13029	5.444518e+39	9.956457e-01 1.995644e+00	4.000040e+00
128	13097	1.088904e+40	9.956456e-01 1.995644e+00	4.000042e+00
129	13165	2.177807e+40	9.956455e-01 1.995644e+00	4.000043e+00
130	13233	4.355614e+40	9.956454e-01 1.995644e+00	4.000044e+00
131	13298	8.711229e+40	9.956453e-01 1.995644e+00	4.000046e+00
132	13363	1.742246e+41	9.956453e-01 1.995644e+00	4.000047e+00
133	13428	3.484491e+41	9.956452e-01 1.995644e+00	4.000048e+00
134	13493	6.968983e+41	9.956452e-01 1.995644e+00	4.000048e+00
135	13558	1.393797e+42	9.956451e-01 1.995644e+00	4.000049e+00
136	13623	2.787593e+42	9.956451e-01 1.995644e+00	4.000050e+00
137	13688	5.575186e+42	9.956450e-01 1.995644e+00	4.000051e+00
138	13753	1.115037e+43	9.956450e-01 1.995644e+00	4.000051e+00
139	13816	2.230075e+43	9.956450e-01 1.995644e+00	4.000052e+00
140	13879	4.460149e+43	9.956449e-01 1.995644e+00	4.000052e+00
141	13942	8.920298e+43	9.956449e-01 1.995644e+00	4.000053e+00
142	14005	1.784060e+44	9.956449e-01 1.995644e+00	4.000053e+00
143	14068	3.568119e+44	9.956449e-01 1.995644e+00	4.000053e+00
144	14131	7.136238e+44	9.956448e-01 1.995644e+00	4.000054e+00
145	14194	1.427248e+45	9.956448e-01 1.995644e+00	4.000054e+00
146	14257	2.854495e+45	9.956448e-01 1.995644e+00	4.000054e+00
147	14320	5.708991e+45	9.956448e-01 1.995644e+00	4.000055e+00
148	14381	1.141798e+46	9.956448e-01 1.995645e+00	4.000055e+00
149	14442	2.283596e+46	9.956448e-01 1.995645e+00	4.000055e+00
150	14503	4.567193e+46	9.956447e-01 1.995645e+00	4.000055e+00
151	14564	9.134385e+46	9.956447e-01 1.995645e+00	4.000055e+00
152	14625	1.826877e+47	9.956447e-01 1.995645e+00	4.000055e+00
153	14686	3.653754e+47	9.956447e-01 1.995645e+00	4.000056e+00
154	14747	7.307508e+47	9.956447e-01 1.995645e+00	4.000056e+00
155	14808	1.461502e+48	9.956447e-01 1.995645e+00	4.000056e+00
156	14869	2.923003e+48	9.956447e-01 1.995645e+00	4.000056e+00
157	14930	5.846007e+48	9.956447e-01 1.995645e+00	4.000056e+00
158	14991	1.169201e+49	9.956447e-01 1.995645e+00	4.000056e+00
159	15052	2.338403e+49	9.956447e-01 1.995645e+00	4.000056e+00
160	15113	4.676805e+49	9.956447e-01 1.995645e+00	4.000056e+00
161	15174	9.353610e+49	9.956447e-01 1.995645e+00	4.000056e+00
162	15235	1.870722e+50	9.956447e-01 1.995645e+00	4.000056e+00
163	15296	3.741444e+50	9.956447e-01 1.995645e+00	4.000056e+00
164	15357	7.482888e+50	9.956447e-01 1.995645e+00	4.000056e+00
165	15418	1.496578e+51	9.956447e-01 1.995645e+00	4.000057e+00
166	15479	2.993155e+51	9.956447e-01 1.995645e+00	4.000057e+00
167	15540	5.986311e+51	9.956446e-01 1.995645e+00	4.000057e+00
168	15601	1.197262e+52	9.956446e-01 1.995645e+00	4.000057e+00
169	15662	2.394524e+52	9.956446e-01 1.995645e+00	4.000057e+00
170	15723	4.789049e+52	9.956446e-01 1.995645e+00	4.000057e+00
171	15784	9.578097e+52	9.956446e-01 1.995645e+00	4.000057e+00
172	15845	1.915619e+53	9.956446e-01 1.995645e+00	4.000057e+00
173	15906	3.831239e+53	9.956446e-01 1.995645e+00	4.000057e+00
174	15967	7.662478e+53	9.956446e-01 1.995645e+00	4.000057e+00
175	16028	1.532496e+54	9.956446e-01 1.995645e+00	4.000057e+00
176	16089	3.064991e+54	9.956446e-01 1.995645e+00	4.000057e+00
177	16150	6.129982e+54	9.956446e-01 1.995645e+00	4.000057e+00
178	16211	1.225996e+55	9.956446e-01 1.995645e+00	4.000057e+00
179	16272	2.451993e+55	9.956446e-01 1.995645e+00	4.000057e+00
180	16333	4.903986e+55	9.956446e-01 1.995645e+00	4.000057e+00
181	16394	9.807971e+55	9.956446e-01 1.995645e+00	4.000057e+00
182	16455	1.961594e+56	9.956446e-01 1.995645e+00	4.000057e+00
183	16516	3.923189e+56	9.956446e-01 1.995645e+00	4.000057e+00
184	16577	7.846377e+56	9.956446e-01 1.995645e+00	4.000057e+00
185	16638	1.569275e+57	9.956446e-01 1.995645e+00	4.000057e+00
186	16699	3.138551e+57	9.956446e-01 1.995645e+00	4.000057e+00
187	16760	6.277102e+57	9.956446e-01 1.995645e+00	4.000057e+00
188	16821	1.255420e+58	9.956446e-01 1.995645e+00	4.000057e+00
189	16882	2.510841e+58	9.956446e-01 1.995645e+00	4.000057e+00
190	16943	5.021681e+58	9.956446e-01 1.995645e+00	4.000057e+00
191	17004	1.004336e+59	9.956446e-01 1.995645e+00	4.000057e+00
192	17065	2.008673e+59	9.956446e-01 1.995645e+00	4.000057e+00
193	17126	4.017345e+59	9.956446e-01 1.995645e+00	4.000057e+00
194	17187	8.034690e+59	9.956446e-01 1.995645e+00	4.000057e+00
195	17248	1.606938e+60	9.956446e-01 1.995645e+00	4.000057e+00
196	17309	3.213876e+60	9.956446e-01 1.995645e+00	4.000057e+00
197	17370	6.427752e+60	9.956446e-01 1.995645e+00	4.000057e+00
198	17431	1.285550e+61	9.956446e-01 1.995645e+00	4.000057e+00
199	17492	2.571101e+61	9.956446e-01 1.995645e+00	4.000057e+00
200	17553	5.142202e+61	9.956446e-01 1.995645e+00	4.000057e+00
201	17614	1.028440e+62	9.956446e-01 1.995645e+00	4.000057e+00
202	17675	2.056881e+62	9.956446e-01 1.995645e+00	4.000057e+00
203	17736	4.113761e+62	9.956446e-01 1.995645e+00	4.000057e+00
204	17797	8.227523e+62	9.956446e-01 1.995645e+00	4.000057e+00
205	17858	1.645505e+63	9.956446e-01 1.995645e+00	4.000057e+00
206	17919	3.291009e+63	9.956446e-01 1.995645e+00	4.000057e+00
207	17980	6.582018e+63	9.956446e-01 1.995645e+00	4.000057e+00
208	18041	1.316404e+64	9.956446e-01 1.995645e+00	4.000057e+00
209	18102	2.632807e+64	9.956446e-01 1.995645e+00	4.000057e+00
210	18163	5.265615e+64	9.956446e-01 1.995645e+00	4.000057e+00
211	18224	1.053123e+65	9.956446e-01 1.995645e+00	4.000057e+00
212	18285	2.106246e+65	9.956446e-01 1.995645e+00	4.000057e+00
213	18346	4.212492e+65	9.956446e-01 1.995645e+00	4.000057e+00
214	18407	8.424983e+65	9.956446e-01 1.995645e+00	4.000057e+00
215	18468	1.684997e+66	9.956446e-01 1.995645e+00	4.000057e+00
216	18529	3.369993e+66	9.956446e-01 1.995645e+00	4.000057e+00
217	18590	6.739987e+66	9.956446e-01 1.995645e+00	4.000057e+00
218	18651	1.347997e+67	9.956446e-01 1.995645e+00	4.000057e+00
219	18712	2.695995e+67	9.956446e-01 1.995645e+00	4.000057e+00
220	18773	5.391989e+67	9.956446e-01 1.995645e+00	4.000057e+00
221	18834	1.078398e+68	9.956446e-01 1.995645e+00	4.000057e+00
222	18895	2.156796e+68	9.956446e-01 1.995645e+00	4.000057e+00
223	18956	4.313591e+68	9.956446e-01 1.995645e+00	4.000057e+00
224	19017	8.627183e+68	9.956446e-01 1.995645e+00	4.000057e+00
225	19078	1.725437e+69	9.956446e-01 1.995645e+00	4.000057e+00
226	19139	3.450873e+69	9.956446e-01 1.995645e+00	4.000057e+00
227	19200	6.901746e+69	9.956446e-01 1.995645e+00	4.000057e+00
228	19261	1.380349e+70	9.956446e-01 1.995645e+00	4.000057e+00
229	19322	2.760699e+70	9.956446e-01 1.995645e+00	4.000057e+00
230	19383	5.521397e+70	9.956446e-01 1.995645e+00	4.000057e+00
231	19444	1.104279e+71	9.956446e-01 1.995645e+00	4.000057e+00
232	19505	2.208559e+71	9.956446e-01 1.995645e+00	4.000057e+00
233	19566	4.417118e+71	9.956446e-01 1.995645e+00	4.000057e+00
234	19627	8.834235e+71	9.956446e-01 1.995645e+00	4.000057e+00
235	19688	1.766847e+72	9.956446e-01 1.995645e+00	4.000057e+00
236	19749	3.533694e+72	9.956446e-01 1.995645e+00	4.000057e+00
237	19810	7.067388e+72	9.956446e-01 1.995645e+00	4.000057e+00
238	19871	1.413478e+73	9.956446e-01 1.995645e+00	4.000057e+00
239	19932	2.826955e+73	9.956446e-01 1.995645e+00	4.000057e+00
240	19993	5.653911e+73	9.956446e-01 1.995645e+00	4.000057e+00
241	20054	1.130782e+74	9.956446e-01 1.995645e+00	4.000057e+00
242	20115	2.261564e+74	9.956446e-01 1.995645e+00	4.000057e+00
243	20176	4.523128e+74	9.956446e-01 1.995645e+00	4.000057e+00
