1	180	6.400000e+01	-1.466014e+00 -2.423908e+00	2.191392e+01
2	352	3.200000e+01	-1.249806e+00 -2.341438e+00	1.995152e+01
3	532	1.600000e+01	-9.029990e-01 -1.690569e+00	1.334528e+01
4	695	8.000000e+00	-7.786060e-01 -1.449027e+00	1.128817e+01
5	860	4.000000e+00	-6.452305e-01 -1.237543e+00	9.523688e+00
6	1023	2.000000e+00	-5.440765e-01 -1.100594e+00	8.391364e+00
7	1181	1.000000e+00	-4.669827e-01 -1.004207e+00	7.610555e+00
8	1334	5.000000e-01	-4.091032e-01 -9.335198e-01	7.056767e+00
9	1482	2.500000e-01	-3.665123e-01 -8.809055e-01	6.660469e+00
10	1630	1.250000e-01	-3.357685e-01 -8.417467e-01	6.376888e+00
11	1778	6.250000e-02	-3.139131e-01 -8.128036e-01	6.174670e+00
12	1923	3.125000e-02	-2.985349e-01 -7.915974e-01	6.031021e+00
13	2066	1.562500e-02	-2.877761e-01 -7.761846e-01	5.929273e+00
14	2207	7.812500e-03	-2.802669e-01 -7.650557e-01	5.857331e+00
15	2345	3.906250e-03	-2.750276e-01 -7.570599e-01	5.806507e+00
16	2479	1.953125e-03	-2.713692e-01 -7.513364e-01	5.770613e+00
17	2610	9.765625e-04	-2.688116e-01 -7.472502e-01	5.745263e+00
18	2738	4.882813e-04	-2.670214e-01 -7.443387e-01	5.727357e+00
19	2864	2.441406e-04	-2.657668e-01 -7.422671e-01	5.714707e+00
20	2986	1.220703e-04	-2.648867e-01 -7.407945e-01	5.705768e+00
21	3105	6.103516e-05	-2.642689e-01 -7.397484e-01	5.699451e+00
22	3221	3.051758e-05	-2.638350e-01 -7.390058e-01	5.694986e+00
23	3335	1.525879e-05	-2.635300e-01 -7.384788e-01	5.691829e+00
24	3447	7.629395e-06	-2.633156e-01 -7.381048e-01	5.689598e+00
25	3556	3.814697e-06	-2.631648e-01 -7.378395e-01	5.688020e+00
26	3660	1.907349e-06	-2.630588e-01 -7.376514e-01	5.686905e+00
27	3764	9.536743e-07	-2.629842e-01 -7.375180e-01	5.686117e+00
28	3863	4.768372e-07	-2.629318e-01 -7.374233e-01	5.685559e+00
29	3962	2.384186e-07	-2.628949e-01 -7.373562e-01	5.685165e+00
30	4056	1.192093e-07	-2.628689e-01 -7.373086e-01	5.684886e+00
31	4150	5.960464e-08	-2.628507e-01 -7.372749e-01	5.684689e+00
32	4239	2.980232e-08	-2.628378e-01 -7.372510e-01	5.684549e+00
33	4328	1.490116e-08	-2.628288e-01 -7.372340e-01	5.684451e+00
34	4415	7.450581e-09	-2.628224e-01 -7.372220e-01	5.684381e+00
35	4500	3.725290e-09	-2.628180e-01 -7.372134e-01	5.684332e+00
36	4582	1.862645e-09	-2.628148e-01 -7.372074e-01	5.684297e+00
37	4662	9.313226e-10	-2.628126e-01 -7.372031e-01	5.684272e+00
38	4740	4.656613e-10	-2.628110e-01 -7.372001e-01	5.684255e+00
39	4818	2.328306e-10	-2.628099e-01 -7.371979e-01	5.684243e+00
40	4893	1.164153e-10	-2.628092e-01 -7.371964e-01	5.684234e+00
41	4968	5.820766e-11	-2.628086e-01 -7.371953e-01	5.684228e+00
42	5041	2.910383e-11	-2.628083e-01 -7.371945e-01	5.684223e+00
43	5114	1.455192e-11	-2.628080e-01 -7.371940e-01	5.684220e+00
44	5184	7.275958e-12	-2.628078e-01 -7.371936e-01	5.684218e+00
45	5254	3.637979e-12	-2.628077e-01 -7.371933e-01	5.684217e+00
46	5322	1.818989e-12	-2.628076e-01 -7.371931e-01	5.684215e+00
47	5390	9.094947e-13	-2.628075e-01 -7.371930e-01	5.684215e+00
48	5455	4.547474e-13	-2.628075e-01 -7.371929e-01	5.684214e+00
49	5520	2.273737e-13	-2.628074e-01 -7.371928e-01	5.684214e+00
50	5585	1.136868e-13	-2.628074e-01 -7.371928e-01	5.684214e+00
51	5648	5.684342e-14	-2.628074e-01 -7.371927e-01	5.684213e+00
52	5711	2.842171e-14	-2.628074e-01 -7.371927e-01	5.684213e+00
53	5772	1.421085e-14	-2.628074e-01 -7.371927e-01	5.684213e+00
54	5833	7.105427e-15	-2.628074e-01 -7.371927e-01	5.684213e+00
55	5894	3.552714e-15	-2.628074e-01 -7.371927e-01	5.684213e+00
56	5955	1.776357e-15	-2.628074e-01 -7.371927e-01	5.684213e+00
57	6016	8.881784e-16	-2.628074e-01 -7.371927e-01	5.684213e+00
58	6077	4.440892e-16	-2.628074e-01 -7.371927e-01	5.684213e+00
