1	183	1.000000e+01	-4.117647e-01 -5.378151e-01	6.068216e+00
2	339	1.000000e+02	-4.075782e-01 -5.853124e-01	6.075241e+00
3	480	1.000000e+03	-4.069373e-01 -5.923212e-01	6.076436e+00
4	601	1.000000e+04	-4.068673e-01 -5.930582e-01	6.076551e+00
5	708	1.000000e+05	-4.068600e-01 -5.931325e-01	6.076561e+00
6	800	1.000000e+06	-4.068593e-01 -5.931400e-01	6.076561e+00
7	875	1.000000e+07	-4.068592e-01 -5.931408e-01	6.076562e+00
8	940	1.000000e+08	-4.068592e-01 -5.931408e-01	6.076562e+00
9	1001	1.000000e+09	-4.068592e-01 -5.931408e-01	6.076562e+00
10	1062	1.000000e+10	-4.068592e-01 -5.931408e-01	6.076562e+00
11	1123	1.000000e+11	-4.068592e-01 -5.931408e-01	6.076562e+00
12	1184	1.000000e+12	-4.068592e-01 -5.931408e-01	6.076562e+00
13	1245	1.000000e+13	-4.068592e-01 -5.931408e-01	6.076562e+00
