1	182	1.000000e+01	-1.235294e+00 -5.210084e-01	1.703044e+01
2	344	2.000000e+01	-1.105766e+00 -5.356532e-01	1.460286e+01
3	517	4.000000e+01	-1.284582e+00 -3.754913e-01	1.896373e+01
4	660	8.000000e+01	-1.247488e+00 -3.753749e-01	1.819594e+01
5	803	1.600000e+02	-1.308940e+00 -3.755673e-01	1.947836e+01
6	963	3.200000e+02	-1.341574e+00 -3.539202e-01	2.035076e+01
7	1102	6.400000e+02	-1.341320e+00 -3.475315e-01	2.039581e+01
8	1235	1.280000e+03	-1.341183e+00 -3.442980e-01	2.041853e+01
9	1364	2.560000e+03	-1.341108e+00 -3.426682e-01	2.042989e+01
10	1490	5.120000e+03	-1.341068e+00 -3.418483e-01	2.043555e+01
11	1611	1.024000e+04	-1.341046e+00 -3.414360e-01	2.043836e+01
12	1727	2.048000e+04	-1.341033e+00 -3.412286e-01	2.043975e+01
13	1839	4.096000e+04	-1.341027e+00 -3.411242e-01	2.044044e+01
14	1945	8.192000e+04	-1.341023e+00 -3.410716e-01	2.044077e+01
15	2047	1.638400e+05	-1.341021e+00 -3.410450e-01	2.044094e+01
16	2146	3.276800e+05	-1.341019e+00 -3.410316e-01	2.044102e+01
17	2243	6.553600e+05	-1.341019e+00 -3.410248e-01	2.044106e+01
18	2335	1.310720e+06	-1.341018e+00 -3.410213e-01	2.044107e+01
19	2422	2.621440e+06	-1.341018e+00 -3.410195e-01	2.044108e+01
20	2506	5.242880e+06	-1.341018e+00 -3.410185e-01	2.044109e+01
21	2586	1.048576e+07	-1.341018e+00 -3.410180e-01	2.044109e+01
22	2663	2.097152e+07	-1.341018e+00 -3.410177e-01	2.044109e+01
23	2737	4.194304e+07	-1.341017e+00 -3.410175e-01	2.044109e+01
24	2811	8.388608e+07	-1.341017e+00 -3.410173e-01	2.044109e+01
25	2891	1.677722e+08	-1.341017e+00 -3.410168e-01	2.044108e+01
26	2983	3.355443e+08	-1.341008e+00 -3.410079e-01	2.044095e+01
27	3112	6.710886e+08	-1.335241e+00 -3.352405e-01	2.036004e+01
28	3255	1.342177e+09	9.988878e-01 1.998888e+00	4.000004e+00
29	3355	2.684355e+09	1.000000e+00 2.000000e+00	4.000000e+00
30	3433	5.368709e+09	1.000002e+00 2.000002e+00	4.000000e+00
31	3508	1.073742e+10	1.000003e+00 2.000003e+00	4.000000e+00
32	3581	2.147484e+10	1.000003e+00 2.000003e+00	4.000000e+00
33	3651	4.294967e+10	1.000003e+00 2.000003e+00	4.000000e+00
34	3719	8.589935e+10	1.000003e+00 2.000003e+00	4.000000e+00
35	3784	1.717987e+11	1.000003e+00 2.000003e+00	4.000000e+00
36	3847	3.435974e+11	1.000003e+00 2.000003e+00	4.000000e+00
37	3908	6.871948e+11	1.000004e+00 2.000004e+00	4.000000e+00
38	3969	1.374390e+12	1.000004e+00 2.000004e+00	4.000000e+00
39	4030	2.748779e+12	1.000004e+00 2.000004e+00	4.000000e+00
