1.000000000000 -3.000000000000
-1.349385310599 -1.659214979009
-0.772943227913 -1.871539177599
-0.865085339309 -1.161569312835
-0.867180793433 -1.052082269269
-0.868265898655 -0.977486296934
-0.868724157887 -0.929960505642
-0.868882281817 -0.901768558980
-0.868929412655 -0.886061738023
-0.868942355004 -0.877701117240
-0.868945756351 -0.873376262572
-0.868946629093 -0.871175075423
-0.868946850189 -0.870064414974
-0.868946905832 -0.869506527997
-0.868946919789 -0.869226947231
-0.868946923286 -0.869086996557
-0.868946924160 -0.869016970691
-0.868946924378 -0.868981935206
-0.868946924433 -0.868964441946
-0.868946924447 -0.868955671815
-0.868946924450 -0.868951293731
-0.868946924451 -0.868949104918
-0.868946924451 -0.868948010352
-0.868946924451 -0.868947465023
-0.868946924451 -0.868947175979
