-2.000000000000 -2.000000000000
-0.910068335729 -1.520693987915
-0.647759264509 -1.317942762338
-0.525883491179 -1.170422794428
-0.451488348375 -1.056643692751
-0.401441927924 -0.969430940668
-0.366123891043 -0.903491304149
-0.340576676072 -0.854390739472
-0.321874293802 -0.818372002991
-0.308115046225 -0.792306412944
-0.297979462883 -0.773661537656
-0.290515931636 -0.760450737840
-0.285024980353 -0.751160469383
-0.280988896157 -0.744665826280
-0.278024176810 -0.740146929867
-0.275847227391 -0.737014984286
-0.274248828895 -0.734851702627
-0.273074980405 -0.733362272204
-0.272212527548 -0.732340088057
-0.271578439898 -0.731640972690
-0.271111846673 -0.731164646258
-0.270768143973 -0.730841543507
-0.270514655811 -0.730623521439
-0.270327442030 -0.730477334823
-0.270188958125 -0.730380079610
-0.270086340877 -0.730316012752
-0.270010153331 -0.730274343024
-0.269953466493 -0.730247696210
-0.269911188643 -0.730231051041
-0.269879573819 -0.730221002424
-0.269855863668 -0.730215253002
-0.269838024012 -0.730212262326
-0.269824552415 -0.730211004925
-0.269814337857 -0.730210804661
-0.269806557329 -0.730211221017
-0.269800599716 -0.730211971375
-0.269796010895 -0.730212878175
-0.269792452050 -0.730213833440
-0.269789670045 -0.730214774448
-0.269787474997 -0.730215667711
-0.269785723994 -0.730216498247
-0.269784308593 -0.730217262756
-0.269783146044 -0.730217965073
-0.269782172081 -0.730218613599
-0.269781335699 -0.730219219856
-0.269780594418 -0.730219798423
-0.269779909909 -0.730220367874
-0.269779242635 -0.730220953788
-0.269778543646 -0.730221595243
-0.269777738314 -0.730222359899
-0.269776690376 -0.730223379068
-0.269775118662 -0.730224930443
-0.269772395443 -0.730227639280
-0.269767066879 -0.730232957673
-0.269755707610 -0.730244309751
-0.269730145171 -0.730269867105
-0.269670802373 -0.730329206306
-0.269530699074 -0.730469307061
-0.269196901894 -0.730803102441
-0.268398782086 -0.731601220974
-0.266491974875 -0.733508027280
-0.263158177681 -0.736841823832
-0.263157885350 -0.736842116164
