0.000000000000 -2.000000000000
-1.466013990380 -2.423908424074
-1.249805537075 -2.341437741079
-0.902998968656 -1.690568670487
-0.778606031022 -1.449026872274
-0.645230477989 -1.237543407969
-0.544076506359 -1.100593992980
-0.466982735317 -1.004207133424
-0.409103234329 -0.933519807780
-0.366512300057 -0.880905514621
-0.335768506550 -0.841746741611
-0.313913061736 -0.812803636163
-0.298534907690 -0.791597360832
-0.287776076310 -0.776184612305
-0.280266943968 -0.765055699006
-0.275027613347 -0.757059946397
-0.271369205765 -0.751336377354
-0.268811631713 -0.747250249728
-0.267021380849 -0.744338742588
-0.265766796152 -0.742267076028
-0.264886744936 -0.740794465397
-0.264268936669 -0.739748435782
-0.263834963613 -0.739005797913
-0.263529984833 -0.738478751091
-0.263315586381 -0.738104806843
-0.263164828906 -0.737839539232
-0.263058803613 -0.737651389842
-0.262984229302 -0.737517951661
-0.262931773011 -0.737423321670
-0.262894873287 -0.737356216071
-0.262868916060 -0.737308630432
-0.262850656343 -0.737274887618
-0.262837811822 -0.737250961055
-0.262828776763 -0.737233995040
-0.262822421640 -0.737221964797
-0.262817951725 -0.737213434256
-0.262814807895 -0.737207385332
-0.262812596830 -0.737203096103
-0.262811041920 -0.737200054644
-0.262809948498 -0.737197897974
-0.262809179632 -0.737196368663
-0.262808639049 -0.737195284208
-0.262808258969 -0.737194515199
-0.262807991750 -0.737193969859
-0.262807803898 -0.737193583168
-0.262807671852 -0.737193308959
-0.262807579025 -0.737193114507
-0.262807513778 -0.737192976624
-0.262807467925 -0.737192878852
-0.262807435694 -0.737192809510
-0.262807413052 -0.737192760340
-0.262807397138 -0.737192725464
-0.262807385958 -0.737192700737
-0.262807378106 -0.737192683197
-0.262807372592 -0.737192670756
-0.262807368718 -0.737192661932
-0.262807365997 -0.737192655677
-0.262807359649 -0.737192655677
-0.262807359650 -0.737192655677
