-2.000000000000 -1.000000000000
-1.816901413234 -0.875724949835
-1.381313922179 -0.411616956389
0.416631623626 1.401247007467
1.003938271672 1.996186333160
1.016468566237 2.012577515183
1.022425029041 2.020475711014
1.025238199702 2.024262589779
1.026565678691 2.026077635512
1.027193003454 2.026948922475
1.027490140909 2.027368085422
1.027631237595 2.027570206153
1.027698403113 2.027667886434
1.027730449965 2.027715191352
1.027745773545 2.027738144169
1.027753115141 2.027749300423
1.027756638927 2.027754731564
1.027758333065 2.027757379380
1.027759148816 2.027758671972
1.027759542164 2.027759303740
1.027759732084 2.027759608777
1.027759833797 2.027759772141
1.027759884659 2.027759853833
1.027759910089 2.027759894675
1.027759922804 2.027759915097
1.027759929163 2.027759925309
1.027759932342 2.027759930414
1.027759932342 2.027759930414
