2.000000000000 -1.000000000000
-1.235294119305 -0.521008410778
-1.105765802176 -0.535653201357
-1.284582194402 -0.375491278359
-1.247488367060 -0.375374858450
-1.308940361309 -0.375567317247
-1.341574479184 -0.353920156438
-1.341320350310 -0.347531528109
-1.341182711209 -0.344297974880
-1.341108155463 -0.342668216920
-1.341067640351 -0.341848279816
-1.341045506628 -0.341435978636
-1.341033329945 -0.341228603997
-1.341026572668 -0.341124219207
-1.341022782861 -0.341071608538
-1.341020629533 -0.341045042890
-1.341019386097 -0.341031592941
-1.341018653169 -0.341024756595
-1.341018209441 -0.341021261145
-1.341017930937 -0.341019456793
-1.341017747057 -0.341018509983
-1.341017616211 -0.341017997672
-1.341017511395 -0.341017702121
-1.341017408429 -0.341017503788
-1.341017259357 -0.341017307038
-1.341016775642 -0.341016799480
-1.341007918697 -0.341007930614
-1.335240527589 -0.335240533550
0.998887785798 1.998887782818
1.000000006072 2.000000004583
1.000001781474 2.000001780730
1.000002664324 2.000002663952
1.000003102164 2.000003101978
1.000003318111 2.000003318019
1.000003424856 2.000003424810
1.000003475904 2.000003475882
1.000003499419 2.000003499408
1.000003511094 2.000003511089
1.000003516338 2.000003516335
1.000003516337 2.000003516336
