0.000000000000 -2.000000000000
-0.910068347665 -1.520693966718
-0.694173476154 -1.579588127491
-0.692744185413 -1.141626214496
-0.692309520084 -1.009523528399
-0.691972142855 -0.908584168258
-0.691713654143 -0.833384186077
-0.691519179867 -0.779539053166
-0.691375322773 -0.743106924411
-0.691267980649 -0.720119450896
-0.691179786354 -0.706608697909
-0.691079256623 -0.699097618572
-0.690799572513 -0.694902336004
-0.684372627454 -0.686590234527
-0.530270847637 -0.552528059453
-0.492040163583 -0.545675352928
-0.465641479204 -0.555017952007
-0.439360314192 -0.572604100538
-0.409391981784 -0.597724049604
-0.372666992516 -0.631624130364
-0.326621204078 -0.675991121462
-0.275838505229 -0.725789187755
-0.263076328807 -0.738043903265
-0.261793273840 -0.738996991295
-0.260998445227 -0.739559563682
-0.260507609089 -0.739886626281
-0.260202063317 -0.740076559084
-0.260009733287 -0.740187220271
-0.259887328150 -0.740251911880
-0.259808652992 -0.740289792748
-0.259757650896 -0.740311955368
-0.259724345729 -0.740324870997
-0.259702460139 -0.740332340258
-0.259688000947 -0.740336606192
-0.259678403437 -0.740338996202
-0.259672007020 -0.740340296281
-0.259667728748 -0.740340970998
-0.259664858035 -0.740341293558
-0.259662926479 -0.740341423331
-0.259661623552 -0.740341452211
-0.259660742685 -0.740341432200
-0.259660145933 -0.740341391947
-0.259659740889 -0.740341346549
-0.259659465508 -0.740341303425
-0.259659277989 -0.740341265730
-0.259659150116 -0.740341234351
-0.259659062794 -0.740341209065
-0.259659003092 -0.740341189139
-0.259658962232 -0.740341173695
-0.259658934236 -0.740341161877
-0.259658915039 -0.740341152924
-0.259658901859 -0.740341146200
-0.259658892802 -0.740341141180
-0.259658886573 -0.740341137454
-0.259658886574 -0.740341130418
-0.259658886574 -0.740341125441
-0.259658886574 -0.740341121921
-0.259658886574 -0.740341091922
-0.259658886574 -0.740341087675
