2.000000000000 -1.000000000000
-1.212846155209 -0.838323009885
-1.128836579768 -0.842357029245
-1.191305257038 -0.721321283071
-1.189123127930 -0.675323043669
-1.186640885100 -0.631858011002
-1.183760135512 -0.590850831759
-1.180305795351 -0.552077855478
-1.175940367926 -0.515105970013
-1.169915566275 -0.479061646266
-1.160112244463 -0.441683099152
-1.136353734396 -0.392642285866
-0.741824752549 0.025030209996
0.934916502601 1.722928910086
1.012397016417 1.819729317573
1.062659002949 1.887616108134
1.094604405771 1.935626498044
1.116193603842 1.971848301693
1.131599194900 2.000573429210
1.143045690450 2.024137544701
1.151809289099 2.043919983261
1.158673124352 2.060799254640
1.164144948436 2.075371073847
1.168568883923 2.088060498280
1.172186683081 2.099183601143
1.175173254545 2.108983428373
1.177658268887 2.117652026058
1.179739844340 2.125344542897
1.181493518130 2.132188605375
1.182978308985 2.138290763051
1.184240917571 2.143741050898
1.185318707012 2.148616315543
1.186241857358 2.152982684113
1.187034953943 2.156897457139
1.187718172726 2.160410564810
1.188308181367 2.163565727246
1.188818830273 2.166401380006
1.189261689007 2.168951427088
1.189646468478 2.171245865461
1.189981353769 2.173311297991
1.190273270725 2.175171369509
1.190528100280 2.176847133768
1.190750852341 2.178357368036
1.190945806984 2.179718841769
1.191116630937 2.180946550712
1.191266473106 2.182053918516
1.191398043720 2.183052971731
1.191513680713 2.183954496066
1.191615404470 2.184768170406
1.191704964321 2.185502687545
1.191783877256 2.186165856620
1.191853461212 2.186764700130
1.191914862611 2.187305534234
1.191969080037 2.187794041847
1.192016984668 2.188235340493
1.192059337226 2.188634037745
1.192096802775 2.188994284266
1.192129963532 2.189319821356
1.192159329506 2.189614020873
1.192185347952 2.189879922495
1.192208411551 2.190120268113
1.192228865290 2.190337530953
1.192247012470 2.190533942546
1.192263119981 2.190711516338
1.192277422825 2.190872069338
1.192290128141 2.191017241856
1.192301418628 2.191148515841
1.192311455394 2.191267227634
1.192320380790 2.191374585765
1.192328320488 2.191471680728
1.192335385606 2.191559497701
1.192341674451 2.191638927062
1.192347273992 2.191710773020
1.192352261223 2.191775762370
1.192356704322 2.191834551588
1.192360663742 2.191887734286
1.192364193070 2.191935846951
1.192367339820 2.191979374401
1.192370146139 2.192018754813
1.192372649461 2.192054384574
1.192374883003 2.192086621667
1.192376876298 2.192115790142
1.192378655573 2.192142182925
1.192380244128 2.192166064539
1.192381662704 2.192187674632
1.192382929743 2.192207229720
1.192384061644 2.192224925584
1.192385073015 2.192240939428
1.192385976855 2.192255431363
1.192386784745 2.192268546442
1.192387506992 2.192280415560
1.192388152788 2.192291157409
1.192388730318 2.192300879160
1.192389246884 2.192309677968
1.192389708987 2.192317641449
1.192390122436 2.192324849089
1.192390492408 2.192331372763
1.192390823523 2.192337277424
1.192391119902 2.192342621869
1.192391385230 2.192347459421
1.192391622787 2.192351838095
1.192391835513 2.192355801569
1.192392026024 2.192359389204
1.192392196664 2.192362636714
1.192392349522 2.192365576375
1.192392486469 2.192368237379
1.192392609175 2.192370646195
1.192392719133 2.192372826745
1.192392817679 2.192374800656
1.192392906007 2.192376587558
1.192392985186 2.192378205180
1.192393056171 2.192379669576
1.192393119815 2.192380995245
1.192393176885 2.192382195384
1.192393228063 2.192383281855
1.192393273964 2.192384265447
1.192393315134 2.192385155911
1.192393352065 2.192385962061
1.192393385197 2.192386691898
1.192393414922 2.192387352639
1.192393441594 2.192387950839
1.192393465528 2.192388492418
1.192393487008 2.192388982748
1.192393506285 2.192389426668
1.192393523589 2.192389828585
1.192393539121 2.192390192466
1.192393553065 2.192390521921
1.192393565583 2.192390820203
1.192393576823 2.192391090270
1.192393586916 2.192391334788
1.192393595979 2.192391556175
1.192393604117 2.192391756620
1.192393611427 2.192391938104
1.192393617992 2.192392102424
1.192393623889 2.192392251203
1.192393629186 2.192392385912
1.192393633944 2.192392507881
1.192393638219 2.192392618316
1.192393642060 2.192392718310
1.192393645512 2.192392808851
1.192393648613 2.192392890827
1.192393651399 2.192392965055
1.192393653904 2.192393032268
1.192393656154 2.192393093125
1.192393658177 2.192393148228
1.192393659995 2.192393198121
1.192393661630 2.192393243298
1.192393663099 2.192393284208
1.192393664419 2.192393321250
1.192393665606 2.192393354788
1.192393666674 2.192393385158
1.192393667633 2.192393412659
1.192393668496 2.192393437560
1.192393669271 2.192393460108
1.192393669969 2.192393480523
1.192393670596 2.192393499011
1.192393671160 2.192393515752
1.192393671667 2.192393530911
1.192393672124 2.192393544637
1.192393672534 2.192393557066
1.192393672903 2.192393568320
1.192393673235 2.192393578513
1.192393673533 2.192393587741
1.192393673802 2.192393596098
1.192393674043 2.192393603665
1.192393674261 2.192393610517
1.192393674456 2.192393616722
1.192393674632 2.192393622341
1.192393674790 2.192393627430
1.192393674933 2.192393632037
1.192393674933 2.192393636081
1.192393674933 2.192393639744
1.192393674933 2.192393643061
1.192393674933 2.192393646066
1.192393674933 2.192393648787
1.192393674933 2.192393651252
1.192393674933 2.192393653485
1.192393674933 2.192393655507
1.192393674933 2.192393657338
1.192393674933 2.192393658997
1.192393674933 2.192393660499
1.192393674933 2.192393661860
1.192393674933 2.192393663092
1.192393674933 2.192393664209
1.192393674933 2.192393665220
1.192393674933 2.192393666136
1.192393674933 2.192393666965
1.192393674933 2.192393667716
1.192393674933 2.192393668397
1.192393674933 2.192393669013
1.192393674933 2.192393669571
1.192393674933 2.192393670076
1.192393674933 2.192393670534
1.192393674933 2.192393670949
1.192393674933 2.192393671324
1.192393674933 2.192393671665
1.192393674933 2.192393671973
1.192393674933 2.192393672252
1.192393674933 2.192393672504
1.192393674933 2.192393672733
1.192393674933 2.192393672941
1.192393674933 2.192393673129
1.192393674933 2.192393673299
1.192393674933 2.192393673453
1.192393674933 2.192393673593
1.192393674933 2.192393673719
1.192393674933 2.192393673833
1.192393674933 2.192393673937
1.192393674933 2.192393674031
1.192393674933 2.192393674116
1.192393674933 2.192393674193
1.192393674933 2.192393674263
1.192393674933 2.192393674326
1.192393674933 2.192393674383
1.192393674933 2.192393674435
1.192393674933 2.192393674482
1.192393674933 2.192393674524
1.192393674933 2.192393674563
1.192393674933 2.192393674598
1.192393674933 2.192393674629
1.192393674933 2.192393674658
1.192393674933 2.192393674684
1.192393674933 2.192393674707
1.192393674933 2.192393674729
1.192393674933 2.192393674748
1.192393674933 2.192393674766
1.192393674933 2.192393674781
1.192393674933 2.192393674795
1.192393674933 2.192393674808
1.192393674933 2.192393674820
1.192393674933 2.192393674831
1.192393674933 2.192393674841
1.192393674933 2.192393674849
1.192393674933 2.192393674857
1.192393674933 2.192393674864
1.192393674933 2.192393674870
1.192393674933 2.192393674876
1.192393674933 2.192393674882
1.192393674933 2.192393674887
1.192393674933 2.192393674891
1.192393674933 2.192393674895
1.192393674933 2.192393674898
1.192393674933 2.192393674902
1.192393674933 2.192393674905
1.192393674933 2.192393674907
1.192393674933 2.192393674910
1.192393674933 2.192393674912
1.192393674933 2.192393674914
1.192393674933 2.192393674916
1.192393674933 2.192393674917
1.192393674933 2.192393674919
1.192393674933 2.192393674920
1.192393674933 2.192393674922
1.192393674933 2.192393674922
