-2.000000000000 -1.000000000000
-1.235294117842 -0.521008420313
-0.347405342016 0.485927982561
0.836753542202 1.745844451179
1.052788562238 2.005169514091
1.115906795296 2.091516550714
1.139123616487 2.126777936164
1.148380102036 2.142168922219
1.152241711495 2.149126446738
1.153901393287 2.152341330553
1.154630072347 2.153849432249
1.154955175439 2.154564702729
1.155102051188 2.154906776708
1.155169076690 2.155071429846
1.155199915601 2.155151089839
1.155214202215 2.155189788681
1.155220859126 2.155208652208
1.155223976317 2.155217872827
1.155225442257 2.155222390492
1.155226134240 2.155224608355
1.155226461961 2.155225699015
1.155226617630 2.155226236151
1.155226691768 2.155226501028
1.155226727160 2.155226627475
1.155226746534 2.155226696691
1.155226756220 2.155226731298
1.155226761064 2.155226748602
1.155226763486 2.155226757255
1.155226763486 2.155226757254
