-2.000000000000 -1.000000000000
-1.383315683691 -0.883315687555
-1.295025351746 -0.753123625629
0.876450982498 1.449191199908
0.972699432987 1.588211546405
1.034412827239 1.686905476937
1.064967958716 1.749567058944
1.079182806418 1.792379301025
1.084813506560 1.823839457457
1.085666914028 1.848170966721
1.083765696980 1.867669271906
1.080266764334 1.883695358814
1.075868745900 1.897115383399
1.071009365589 1.908512629514
1.065969101881 1.918298142845
1.060929412332 1.926772505550
1.056007310327 1.934162309583
1.051276839036 1.940642746154
1.046782893847 1.946352171549
1.042550401294 1.951401823449
1.038590541872 1.955882512022
1.034905057027 1.959869343031
1.031489268581 1.963425130613
1.028334219663 1.966602918973
1.025428198359 1.969447878124
1.022757834903 1.971998751428
1.020308877961 1.974288983067
1.018066752939 1.976347602683
1.016016954294 1.978199929182
1.014145317545 1.979868141904
1.012438203861 1.981371741455
1.010882615539 1.982727932725
1.009466273040 1.983951937082
1.008177646744 1.985057258132
1.007005969921 1.986055903370
1.005941232758 1.986958571503
1.004974161247 1.987774813375
1.004096190721 1.988513168637
1.003299429637 1.989181284432
1.002576625697 1.989786017172
1.001921123795 1.990333522785
1.001326828867 1.990829332715
1.000788164866 1.991278423086
1.000300038529 1.991685273692
0.999857801563 1.992053920856
0.999457216031 1.992388003884
0.999094421680 1.992690805880
0.998765904785 1.992965290694
0.998468469058 1.993214135424
0.998199208245 1.993439758673
0.997955482578 1.993644346465
0.997734893785 1.993829876183
0.997535265204 1.993998136301
0.997354621135 1.994150745062
0.997191169816 1.994289167215
0.997043286115 1.994414729117
0.996909496218 1.994528631733
0.996788464883 1.994631962583
0.996678981904 1.994725707004
0.996579950460 1.994810757976
0.996490377478 1.994887924484
0.996409363332 1.994957939880
0.996336093269 1.995021468826
0.996269829796 1.995079113842
0.996209905149 1.995131421327
0.996155714837 1.995178886705
0.996106711933 1.995221959136
0.996062400935 1.995261046223
0.996022333948 1.995296517115
0.995986105471 1.995328707020
0.995953348644 1.995357919925
0.995923731594 1.995384431616
0.995896953795 1.995408492235
0.995872743774 1.995430328550
0.995850855709 1.995450146450
0.995831067361 1.995468132755
0.995813177683 1.995484456968
0.995797004800 1.995499272830
0.995782384217 1.995512719856
0.995769167164 1.995524924580
0.995757219184 1.995536001850
0.995746418511 1.995546055956
0.995736655251 1.995555181424
0.995727829833 1.995563464149
0.995719852351 1.995570981999
0.995712641407 1.995577805665
0.995706123532 1.995583999261
0.995700232109 1.995589621042
0.995694907052 1.995594723786
0.995690093984 1.995599355458
0.995685743750 1.995603559587
0.995681811951 1.995607375656
0.995678258331 1.995610839553
0.995675046592 1.995613983746
0.995672143881 1.995616837754
0.995669520516 1.995619428389
0.995667149630 1.995621779975
0.995665006979 1.995623914564
0.995663070603 1.995625852203
0.995661320663 1.995627611068
0.995659739246 1.995629207643
0.995658310125 1.995630656922
0.995657018692 1.995631972500
0.995655851666 1.995633166738
0.995654792292 1.995634250812
0.995653835157 1.995635230264
0.995652968274 1.995636117359
0.995652183104 1.995636920836
0.995651471959 1.995637648562
0.995650827860 1.995638307677
0.995650244485 1.995638904653
0.995649716109 1.995639445347
0.995649237544 1.995639935068
0.995648804095 1.995640378622
0.995648411506 1.995640780362
0.995648055937 1.995641144219
0.995647733886 1.995641473777
0.995647442196 1.995641772266
0.995647178002 1.995642042617
0.995646938716 1.995642287480
0.995646721994 1.995642509253
0.995646525699 1.995642710122
0.995646347908 1.995642892055
0.995646186883 1.995643056832
0.995646041039 1.995643206073
0.995645908944 1.995643341245
0.995645789303 1.995643463672
0.995645680935 1.995643574564
0.995645582787 1.995643674997
0.995645493893 1.995643765961
0.995645413377 1.995643848351
0.995645340455 1.995643922970
0.995645274406 1.995643990556
0.995645214584 1.995644051769
0.995645160398 1.995644107216
0.995645111326 1.995644157429
0.995645066877 1.995644202910
0.995645026619 1.995644244104
0.995644990157 1.995644281412
0.995644957129 1.995644315207
0.995644927217 1.995644345814
0.995644900127 1.995644373532
0.995644875588 1.995644398640
0.995644853363 1.995644421379
0.995644833234 1.995644441974
0.995644815001 1.995644460628
0.995644798487 1.995644477524
0.995644783530 1.995644492826
0.995644769983 1.995644506685
0.995644757714 1.995644519237
0.995644746599 1.995644530608
0.995644736534 1.995644540904
0.995644727417 1.995644550231
0.995644719159 1.995644558678
0.995644711680 1.995644566328
0.995644704906 1.995644573256
0.995644698769 1.995644579532
0.995644693212 1.995644585215
0.995644688178 1.995644590363
0.995644683619 1.995644595026
0.995644679489 1.995644599248
0.995644675748 1.995644603072
0.995644672360 1.995644606536
0.995644666168 1.995644606536
0.995644660545 1.995644606536
0.995644655453 1.995644606535
0.995644650841 1.995644606535
0.995644646665 1.995644606535
0.995644642881 1.995644606535
0.995644639454 1.995644606535
0.995644636351 1.995644606535
0.995644633540 1.995644606535
0.995644630994 1.995644606535
0.995644628688 1.995644606535
0.995644626600 1.995644606535
0.995644624708 1.995644606535
0.995644622995 1.995644606535
0.995644621443 1.995644606535
0.995644620037 1.995644606535
0.995644618765 1.995644606535
0.995644617611 1.995644606535
0.995644616567 1.995644606535
0.995644615622 1.995644606535
0.995644614765 1.995644606535
0.995644613989 1.995644606535
0.995644613286 1.995644606535
0.995644612650 1.995644606535
0.995644612073 1.995644606535
0.995644611551 1.995644606535
0.995644611078 1.995644606535
0.995644610650 1.995644606535
0.995644610262 1.995644606535
0.995644609911 1.995644606535
0.995644609592 1.995644606535
0.995644609304 1.995644606535
0.995644609043 1.995644606535
0.995644608807 1.995644606535
0.995644608593 1.995644606535
0.995644608399 1.995644606535
0.995644608223 1.995644606535
0.995644608063 1.995644606535
0.995644607920 1.995644606535
0.995644607789 1.995644606535
0.995644607671 1.995644606535
0.995644607564 1.995644606535
0.995644607467 1.995644606535
0.995644607379 1.995644606535
0.995644607299 1.995644606535
0.995644607227 1.995644606535
0.995644607162 1.995644606535
0.995644607103 1.995644606535
0.995644607050 1.995644606535
0.995644607001 1.995644606535
0.995644606957 1.995644606535
0.995644606917 1.995644606535
0.995644606881 1.995644606535
0.995644606848 1.995644606535
0.995644606819 1.995644606535
0.995644606792 1.995644606535
0.995644606768 1.995644606535
0.995644606746 1.995644606535
0.995644606726 1.995644606535
0.995644606708 1.995644606535
0.995644606692 1.995644606535
0.995644606677 1.995644606535
0.995644606663 1.995644606535
0.995644606652 1.995644606535
0.995644606641 1.995644606535
0.995644606630 1.995644606535
0.995644606621 1.995644606535
0.995644606613 1.995644606535
0.995644606606 1.995644606535
0.995644606599 1.995644606535
0.995644606593 1.995644606535
0.995644606588 1.995644606535
0.995644606582 1.995644606535
0.995644606578 1.995644606535
0.995644606574 1.995644606535
0.995644606570 1.995644606535
0.995644606567 1.995644606535
0.995644606564 1.995644606535
0.995644606561 1.995644606535
0.995644606558 1.995644606535
0.995644606557 1.995644606535
