0.000000000000 -2.000000000000
-0.910068347665 -1.520693966718
-0.540942068101 -1.600750070037
-0.484538174229 -1.587056311811
-0.450097457043 -1.536386089791
-0.128586646167 -0.958571989396
-0.111931059698 -0.905709107004
-0.111527479571 -0.893385463202
-0.112448693826 -0.889022366241
-0.113151939686 -0.887301802651
-0.113554270041 -0.886587569202
-0.113762140704 -0.886282473156
-0.113864265955 -0.886149807344
-0.113913031730 -0.886091413546
-0.113935925302 -0.886065479690
-0.113946563322 -0.886053880845
-0.113951476091 -0.886048664341
-0.113953737027 -0.886046307380
-0.113954775886 -0.886045238160
-0.113955253057 -0.886044751384
-0.113955472100 -0.886044529303
-0.113955572572 -0.886044427871
-0.113955588489 -0.886044381515
-0.113955548747 -0.886044409889
