-2.000000000000 -1.000000000000
-1.212846155691 -0.838323010725
-1.079965097778 -0.656501335428
1.038580569414 1.512660086412
0.975359742100 1.486985012765
0.915699187619 1.464221706770
0.860924715628 1.445053365732
0.811279211496 1.429287716086
0.766507209582 1.416417034828
0.726187981276 1.405904640642
0.689877985662 1.397284095117
0.657161489531 1.390177307574
0.627664152784 1.384285557625
0.601053361486 1.379374509087
0.577034338166 1.375260091488
0.555345501249 1.371796987128
0.535754108083 1.368869705129
0.518052489538 1.366385799929
0.502054867285 1.364270743204
0.487594676556 1.362464040483
0.474522330520 1.360916275005
0.462703275845 1.359586836740
0.452016351277 1.358442170775
0.442352356996 1.357454412161
0.433612810035 1.356600314107
0.425708832431 1.355860399302
0.418560189039 1.355218285693
0.412094412338 1.354660144647
0.406246048057 1.354174265005
0.400955948578 1.353750697726
0.396170665017 1.353380967401
0.391841889445 1.353057834843
0.387925954062 1.352775101782
0.384383385086 1.352527449352
0.381178495011 1.352310303472
0.378279017764 1.352119722943
0.375655779923 1.351952305681
0.373282403386 1.351805109862
0.371135033871 1.351675587369
0.369192100546 1.351561528010
0.367434098951 1.351461011881
0.365843388102 1.351372368896
0.364404014370 1.351294144447
0.363101549900 1.351225070171
0.361922943980 1.351164038702
0.360856395703 1.351110082380
0.359891229068 1.351062354545
0.359017787719 1.351020113794
0.358227338162 1.350982710346
0.357511979744 1.350949574096
0.356864565553 1.350920204488
0.356278630443 1.350894161671
0.355748326594 1.350871058875
0.355268362160 1.350850555663
0.354833950740 1.350832352270
0.354440761871 1.350816184524
0.354084877637 1.350801819463
0.353762753095 1.350789051526
0.353471180613 1.350777699226
0.353207258208 1.350767602261
0.352968360090 1.350758618935
0.352752110322 1.350750623941
0.352556358479 1.350743506397
0.352379159340 1.350737168176
0.352218751931 1.350731522352
0.352073543260 1.350726491931
0.351942091328 1.350722008644
0.351823091425 1.350718011970
0.351715362679 1.350714448210
0.351617836195 1.350711269708
0.351529544884 1.350708434156
0.351449613150 1.350705903978
0.351377248878 1.350703645796
0.351311734913 1.350701629937
0.351252421863 1.350699830016
0.351198722586 1.350698222586
0.351150105014 1.350696786776
0.351106088187 1.350695504027
0.351066236007 1.350694357798
0.351030154192 1.350693333380
0.350997485946 1.350692417670
0.350967907911 1.350691598989
0.350941127570 1.350690866934
0.350916880119 1.350690212231
0.350894925855 1.350689626617
0.350875047641 1.350689102716
0.350857049155 1.350688633959
0.350840752571 1.350688214481
0.350825996734 1.350687839042
0.350812635932 1.350687502973
0.350800538217 1.350687202104
0.350789584140 1.350686932713
0.350779665439 1.350686691474
0.350770684250 1.350686475418
0.350762551918 1.350686281892
0.350755188174 1.350686108526
0.350748520337 1.350685953201
0.350742482608 1.350685814024
0.350737015452 1.350685689301
0.350732064872 1.350685577518
0.350727582017 1.350685477321
0.350723522774 1.350685387501
0.350719847003 1.350685306974
0.350716518504 1.350685234772
0.350713504471 1.350685170026
0.350710775127 1.350685111962
0.350708303644 1.350685059886
0.350706065606 1.350685013173
0.350704038961 1.350684971269
0.350702203724 1.350684933674
0.350700541848 1.350684899943
0.350699036928 1.350684869676
0.350697674132 1.350684842515
0.350696440034 1.350684818139
0.350695322488 1.350684796261
0.350694310479 1.350684776623
0.350693394035 1.350684758995
0.350692564137 1.350684743169
0.350691812583 1.350684728960
0.350691132014 1.350684716202
0.350690515703 1.350684704746
0.350689957571 1.350684694458
0.350689452146 1.350684685219
0.350688994443 1.350684676921
0.350688579943 1.350684669467
0.350688204587 1.350684662772
0.350687864669 1.350684656758
0.350687556829 1.350684651355
0.350687278056 1.350684646500
0.350687025613 1.350684642139
0.350686796978 1.350684638219
0.350686589936 1.350684634697
0.350686402439 1.350684631532
0.350686232647 1.350684628688
0.350686078872 1.350684626131
0.350685939611 1.350684623833
0.350685813497 1.350684621768
0.350685699290 1.350684619911
0.350685595862 1.350684618242
0.350685502196 1.350684616741
0.350685417369 1.350684615392
0.350685340548 1.350684614179
0.350685270977 1.350684613088
0.350685207972 1.350684612107
0.350685150913 1.350684611226
0.350685099243 1.350684610433
0.350685052446 1.350684609719
0.350685010065 1.350684609078
0.350684971685 1.350684608501
0.350684936926 1.350684607982
0.350684905448 1.350684607515
0.350684876940 1.350684607095
0.350684851122 1.350684606718
0.350684827740 1.350684606378
0.350684806565 1.350684606072
0.350684787389 1.350684605797
0.350684770021 1.350684605550
0.350684754293 1.350684605327
0.350684740049 1.350684605127
0.350684727149 1.350684604946
0.350684715466 1.350684604784
0.350684704885 1.350684604638
0.350684695302 1.350684604507
0.350684686624 1.350684604389
0.350684678765 1.350684604282
0.350684671647 1.350684604186
0.350684665200 1.350684604100
0.350684659363 1.350684604023
0.350684654076 1.350684603953
0.350684649288 1.350684603890
0.350684645008 1.350684603890
0.350684641131 1.350684603890
0.350684637620 1.350684603890
0.350684634440 1.350684603890
0.350684631560 1.350684603890
0.350684628951 1.350684603890
0.350684626588 1.350684603890
0.350684624449 1.350684603890
0.350684622510 1.350684603890
0.350684620755 1.350684603890
0.350684619165 1.350684603890
0.350684617725 1.350684603890
0.350684616421 1.350684603890
0.350684615239 1.350684603890
0.350684614169 1.350684603890
0.350684613200 1.350684603890
0.350684612323 1.350684603890
0.350684611527 1.350684603890
0.350684610807 1.350684603890
0.350684610155 1.350684603890
0.350684609564 1.350684603890
0.350684609029 1.350684603890
0.350684608545 1.350684603890
0.350684608106 1.350684603890
0.350684607709 1.350684603890
0.350684607348 1.350684603890
0.350684607022 1.350684603890
0.350684606727 1.350684603890
0.350684606459 1.350684603890
0.350684606218 1.350684603890
0.350684605998 1.350684603890
0.350684605799 1.350684603890
0.350684605619 1.350684603890
0.350684605456 1.350684603890
0.350684605308 1.350684603890
0.350684605175 1.350684603890
0.350684605054 1.350684603890
0.350684604944 1.350684603890
0.350684604845 1.350684603890
0.350684604755 1.350684603890
0.350684604673 1.350684603890
0.350684604599 1.350684603890
0.350684604532 1.350684603890
0.350684604472 1.350684603890
0.350684604417 1.350684603890
0.350684604367 1.350684603890
0.350684604322 1.350684603890
0.350684604281 1.350684603890
0.350684604244 1.350684603890
0.350684604211 1.350684603890
0.350684604181 1.350684603890
0.350684604154 1.350684603890
0.350684604128 1.350684603890
0.350684604106 1.350684603890
0.350684604086 1.350684603890
0.350684604067 1.350684603890
0.350684604050 1.350684603890
0.350684604035 1.350684603890
0.350684604022 1.350684603890
0.350684604009 1.350684603890
0.350684603998 1.350684603890
0.350684603988 1.350684603890
0.350684603978 1.350684603890
0.350684603970 1.350684603890
0.350684603963 1.350684603890
0.350684603956 1.350684603890
0.350684603949 1.350684603890
0.350684603944 1.350684603890
0.350684603939 1.350684603890
0.350684603934 1.350684603890
0.350684603930 1.350684603890
0.350684603926 1.350684603890
