-0.285714 -0.714286
-0.228681 -0.771319
-0.264018 -0.735982
-0.285714 -0.714286
-0.213835 -0.786165
-0.26665 -0.73335
-0.285714 -0.714286
-0.228811 -0.771189
-0.093822 -0.906178
-0.285714 -0.714286
-0.263037 -0.736963
-0.0404574 -0.959543
-0.285714 -0.714286
-0.263159 -0.736841
0.020942 -1.02094
-0.285714 -0.714286
-0.26136 -0.73864
0.0738273 -1.07383
-0.285714 -0.714286
-0.261267 -0.738733
0.106459 -1.10646
-0.285714 -0.714286
-0.262979 -0.737021
0.11882 -1.11882
-0.285714 -0.714286
-0.406859 -0.593141
0.116708 -1.11671
