-0.0471737 -0.952826
-0.268454 -0.731546
0.0873329 -1.08733
-0.263169 -0.736831
-0.276528 -0.723472
-0.223684 -0.776316
-0.268996 -0.731004
0.0377505 -1.03775
-0.867295 -1.29681
-0.276534 -0.723466
-0.142857 -0.857143
-0.191931 -0.808069
-0.0296664 -0.970334
-1 -1.61803
-0.659759 -0.659759
-0.714286 -0.714286
-0.565217 -0.565217
-0.270447 -0.729553
-1.22738 -2.09031
-0.246173 -0.753827
-1 -1
-0.74359 -0.74359
-0.262837 -0.737162
-1.59508 -2.78017
-0.265198 -0.734802
-1 -1
-0.859155 -0.859155
-0.257817 -0.742183
-2.16065 -3.7799
-0.262807 -0.737193
